0 0.725066 0.6095 0.0249344 0.013
0 0.620079 0.611 0.0301837 0.012
0 0.324803 0.615 0.38189 0.016
0 0.16273 0.8305 0.0577428 0.015
0 0.205381 0.657 0.158793 0.014
0 0.278215 0.67 0.296588 0.018
0 0.744751 0.2715 0.0616798 0.017
0 0.370079 0.319 0.115486 0.014
0 0.656168 0.275 0.0472441 0.014
0 0.709318 0.315 0.0774278 0.014
0 0.171916 0.363 0.0997375 0.014
0 0.517717 0.654 0.423885 0.018
0 0.76706 0.9165 0.150919 0.023
0 0.597769 0.316 0.0931759 0.014
0 0.190289 0.2815 0.146982 0.017
0 0.44357 0.214 0.223097 0.028
0 0.227034 0.495 0.204724 0.016
0 0.431102 0.278 0.324147 0.018
0 0.207349 0.3215 0.173228 0.015
0 0.558399 0.518 0.426509 0.076
0 0.519685 0.396 0.52231 0.098
