0 0.192257 0.241 0.0223097 0.012
0 0.133858 0.2415 0.107612 0.015
0 0.129265 0.27 0.103675 0.014
0 0.135827 0.1835 0.116798 0.013
0 0.089895 0.5545 0.0301837 0.013
0 0.102362 0.7595 0.0629921 0.015
0 0.478346 0.668 0.468504 0.034
0 0.280184 0.185 0.0511811 0.014
0 0.80315 0.032 0.149606 0.046
0 0.102362 0.6315 0.0603675 0.013
0 0.0971129 0.597 0.0498688 0.014
0 0.116142 0.327 0.0774278 0.014
0 0.108268 0.8095 0.0800525 0.025
0 0.75853 0.218 0.110236 0.054
0 0.487533 0.6335 0.452756 0.017
0 0.115486 0.3555 0.0761155 0.013
0 0.155512 0.2985 0.116798 0.015
0 0.288714 0.3275 0.0734908 0.015
0 0.435039 0.1145 0.30315 0.047
0 0.740157 0.8555 0.160105 0.027
0 0.354331 0.2385 0.2021 0.029
0 0.137139 0.469 0.129921 0.016
0 0.146982 0.384 0.141732 0.016
0 0.32021 0.299 0.136483 0.016
0 0.392388 0.3565 0.288714 0.019
0 0.472441 0.7185 0.427822 0.055
0 0.320866 0.2135 0.135171 0.015
0 0.753281 0.1745 0.131234 0.027
0 0.456037 0.422 0.476378 0.032
0 0.39042 0.5005 0.30315 0.071
