0 0.414042 0.7995 0.0223097 0.015
0 0.799869 0.4655 0.019685 0.015
0 0.445538 0.8 0.0275591 0.014
0 0.48294 0.799 0.0393701 0.012
0 0.653543 0.583 0.0629921 0.016
0 0.206693 0.771 0.0538058 0.018
0 0.614829 0.4655 0.019685 0.015
0 0.740814 0.7995 0.0406824 0.015
0 0.78937 0.552 0.0249344 0.012
0 0.287402 0.771 0.0524934 0.02
0 0.638451 0.2265 0.0433071 0.015
0 0.881234 0.4655 0.019685 0.015
0 0.0347769 0.7995 0.0433071 0.015
0 0.516404 0.4645 0.019685 0.015
0 0.864173 0.241 0.0406824 0.012
0 0.0905512 0.6825 0.139108 0.029
0 0.349738 0.77 0.0538058 0.018
0 0.706037 0.465 0.0262467 0.016
0 0.216535 0.6155 0.0629921 0.015
0 0.288058 0.74 0.0433071 0.016
0 0.866142 0.6135 0.0419948 0.013
0 0.219816 0.7395 0.0748032 0.017
0 0.590551 0.799 0.0262467 0.012
0 0.43832 0.74 0.0446194 0.018
0 0.611549 0.355 0.0419948 0.022
0 0.87336 0.3575 0.0406824 0.029
0 0.622703 0.7995 0.0301837 0.013
0 0.797244 0.5815 0.0538058 0.015
0 0.864829 0.646 0.0446194 0.014
0 0.846457 0.7965 0.0551181 0.015
0 0.543307 0.8 0.0787402 0.014
0 0.679134 0.7995 0.0721785 0.015
0 0.500656 0.7705 0.0433071 0.017
0 0.796588 0.614 0.0498688 0.014
0 0.500656 0.7395 0.0459318 0.017
0 0.708661 0.4355 0.023622 0.013
0 0.202756 0.555 0.0223097 0.012
0 0.865486 0.5815 0.0433071 0.015
0 0.73294 0.647 0.0459318 0.016
0 0.0866142 0.6185 0.136483 0.027
0 0.864173 0.7055 0.0459318 0.017
0 0.501969 0.585 0.0433071 0.016
0 0.498688 0.553 0.0262467 0.014
0 0.611549 0.435 0.0262467 0.014
0 0.439633 0.678 0.0498688 0.018
0 0.734252 0.614 0.0511811 0.016
0 0.288058 0.6785 0.0459318 0.017
0 0.503937 0.616 0.0524934 0.016
0 0.861549 0.23 0.0459318 0.012
0 0.181759 0.8005 0.0669291 0.015
0 0.354331 0.554 0.0262467 0.016
0 0.802493 0.676 0.0590551 0.014
0 0.64895 0.553 0.0249344 0.014
0 0.440945 0.616 0.0446194 0.016
0 0.864829 0.6755 0.0446194 0.013
0 0.582677 0.6155 0.0419948 0.015
0 0.437664 0.77 0.0485564 0.018
0 0.732283 0.6775 0.0472441 0.017
0 0.797244 0.4355 0.0249344 0.013
0 0.288058 0.6465 0.0511811 0.017
0 0.864173 0.77 0.0459318 0.016
0 0.28937 0.616 0.0538058 0.016
0 0.635171 0.2815 0.0341207 0.015
0 0.347769 0.8015 0.0971129 0.015
0 0.793307 0.77 0.0433071 0.016
0 0.864173 0.7375 0.0459318 0.017
0 0.288058 0.7065 0.0511811 0.019
0 0.709318 0.406 0.0223097 0.014
0 0.51378 0.6455 0.0695538 0.017
0 0.700131 0.281 0.0301837 0.014
0 0.50853 0.676 0.0643045 0.018
0 0.507218 0.485 0.0354331 0.014
0 0.606299 0.485 0.0341207 0.014
0 0.875328 0.4035 0.023622 0.015
0 0.788714 0.798 0.0551181 0.014
0 0.702756 0.4855 0.0354331 0.015
0 0.734252 0.5835 0.0459318 0.015
0 0.87664 0.436 0.023622 0.014
0 0.439633 0.6465 0.0446194 0.017
0 0.582677 0.6775 0.0498688 0.017
0 0.51378 0.435 0.0249344 0.014
0 0.7021 0.2265 0.0419948 0.013
0 0.656824 0.646 0.0721785 0.016
0 0.31168 0.433 0.0616798 0.016
0 0.358268 0.615 0.0656168 0.016
0 0.802493 0.7055 0.0616798 0.017
0 0.187664 0.852 0.102362 0.016
0 0.648294 0.614 0.0551181 0.016
0 0.86811 0.5515 0.0564304 0.015
0 0.0839895 0.6495 0.133858 0.031
0 0.7021 0.355 0.0551181 0.022
0 0.674541 0.0795 0.0656168 0.015
0 0.581365 0.7705 0.0446194 0.017
0 0.582677 0.6465 0.0524934 0.017
0 0.865486 0.282 0.0354331 0.014
0 0.533465 0.528 0.0616798 0.016
0 0.362861 0.676 0.0721785 0.018
0 0.362861 0.645 0.0695538 0.016
0 0.73294 0.74 0.0433071 0.016
0 0.595144 0.08 0.0616798 0.014
0 0.578084 0.5525 0.0616798 0.015
0 0.288714 0.5845 0.0446194 0.015
0 0.361549 0.738 0.0721785 0.02
0 0.582677 0.5835 0.0419948 0.015
0 0.438976 0.7065 0.0485564 0.019
0 0.218504 0.706 0.0721785 0.016
0 0.220472 0.6765 0.0682415 0.015
0 0.73294 0.771 0.0459318 0.016
0 0.652887 0.8545 0.25853 0.019
0 0.805774 0.646 0.0656168 0.014
0 0.700131 0.2415 0.0328084 0.011
0 0.872047 0.486 0.0328084 0.016
0 0.727034 0.552 0.0629921 0.016
0 0.220472 0.6455 0.0708661 0.015
0 0.362205 0.7045 0.0708661 0.019
0 0.791995 0.4865 0.0328084 0.015
0 0.822835 0.526 0.0314961 0.014
0 0.434383 0.554 0.0603675 0.018
0 0.275591 0.284 0.12336 0.018
0 0.436352 0.363 0.0328084 0.016
0 0.581365 0.7395 0.0446194 0.017
0 0.650919 0.7705 0.0603675 0.017
0 0.358924 0.584 0.0616798 0.016
0 0.0787402 0.5275 0.11811 0.013
0 0.582021 0.7055 0.0511811 0.021
0 0.775591 0.2815 0.0393701 0.015
0 0.384514 0.835 0.259843 0.016
0 0.73294 0.706 0.0485564 0.018
0 0.687664 0.526 0.0524934 0.018
0 0.46916 0.246 0.245407 0.028
0 0.774934 0.2415 0.0433071 0.013
0 0.656168 0.6765 0.0708661 0.017
0 0.635827 0.2415 0.0380577 0.013
0 0.798556 0.738 0.0511811 0.016
0 0.655512 0.7395 0.0721785 0.017
0 0.284121 0.5545 0.0590551 0.015
0 0.439633 0.5845 0.0446194 0.015
0 0.776903 0.2265 0.0577428 0.015
0 0.393045 0.529 0.0433071 0.016
0 0.220472 0.584 0.0682415 0.016
0 0.108268 0.8005 0.0853018 0.015
0 0.246719 0.802 0.0813648 0.016
0 0.374672 0.852 0.232283 0.018
0 0.656168 0.705 0.0734908 0.018
0 0.135171 0.3595 0.125984 0.017
0 0.504593 0.7055 0.0564304 0.019
0 0.243438 0.53 0.0485564 0.014
0 0.809711 0.404 0.0524934 0.016
0 0.624016 0.4055 0.0538058 0.015
0 0.137795 0.243 0.12336 0.016
0 0.074147 0.7125 0.114173 0.027
0 0.181102 0.836 0.0629921 0.016
0 0.688976 0.0485 0.0866142 0.015
0 0.686352 0.063 0.0892388 0.014
0 0.117454 0.1585 0.0721785 0.013
0 0.599081 0.31 0.502625 0.036
0 0.190945 0.8685 0.122047 0.015
0 0.274934 0.242 0.122047 0.018
0 0.467848 0.2815 0.234908 0.019
0 0.387795 0.869 0.266404 0.018
0 0.691601 0.3325 0.191601 0.017
0 0.652887 0.8365 0.255906 0.019
0 0.524278 0.404 0.0538058 0.018
0 0.60958 0.049 0.0511811 0.014
0 0.341864 0.4665 0.127297 0.019
0 0.332677 0.406 0.10105 0.016
0 0.136483 0.2125 0.11811 0.015
0 0.64895 0.869 0.234908 0.018
0 0.0793963 0.7785 0.129921 0.031
0 0.518373 0.357 0.0524934 0.028
0 0.0853018 0.7435 0.128609 0.029
0 0.192913 0.073 0.217848 0.03
0 0.580052 0.0655 0.0918635 0.013
0 0.330052 0.207 0.164042 0.018
0 0.800525 0.894 0.15748 0.022
0 0.796588 0.356 0.0551181 0.028
0 0.0879265 0.59 0.141732 0.036
0 0.442913 0.1235 0.405512 0.019
0 0.511155 0.1635 0.507874 0.045
