0 0.462598 0.052 0.190289 0.016
0 0.692913 0.6045 0.0446194 0.009
0 0.59252 0.564 0.011811 0.01
0 0.391732 0.5955 0.192913 0.013
0 0.253937 0.327 0.292651 0.014
0 0.751312 0.6035 0.169291 0.011
0 0.39042 0.619 0.169291 0.014
0 0.234252 0.41 0.279528 0.014
0 0.784121 0.302 0.103675 0.014
0 0.232283 0.3545 0.249344 0.013
0 0.118766 0.756 0.0433071 0.012
0 0.664698 0.592 0.0275591 0.012
0 0.259843 0.313 0.356955 0.014
0 0.48622 0.3005 0.0564304 0.011
0 0.483596 0.354 0.0616798 0.012
0 0.425197 0.5625 0.0787402 0.009
0 0.125984 0.146 0.0577428 0.012
0 0.484252 0.3695 0.0656168 0.013
0 0.353018 0.577 0.146982 0.01
0 0.204724 0.341 0.215223 0.012
0 0.484252 0.327 0.0577428 0.012
0 0.483596 0.3415 0.0669291 0.011
0 0.181102 0.286 0.152231 0.012
0 0.484908 0.383 0.0616798 0.012
0 0.34252 0.508 0.0708661 0.012
0 0.480971 0.4245 0.0538058 0.013
0 0.417323 0.784 0.0472441 0.012
0 0.486877 0.314 0.0603675 0.012
0 0.234908 0.396 0.296588 0.014
0 0.11811 0.52 0.0472441 0.012
0 0.178478 0.3 0.165354 0.012
0 0.175197 0.5755 0.164042 0.015
0 0.782808 0.3275 0.108924 0.013
0 0.588583 0.507 0.195538 0.012
0 0.484908 0.3965 0.0590551 0.013
0 0.486877 0.288 0.0629921 0.012
0 0.232283 0.7835 0.0341207 0.013
0 0.546588 0.4945 0.103675 0.011
0 0.32021 0.5485 0.0419948 0.011
0 0.480315 0.41 0.0603675 0.012
0 0.225722 0.133 0.0682415 0.012
0 0.706693 0.177 0.0748032 0.012
0 0.340551 0.4935 0.0643045 0.011
0 0.496719 0.1345 0.0721785 0.011
0 0.730315 0.508 0.0800525 0.012
0 0.147638 0.493 0.103675 0.012
0 0.155512 0.59 0.122047 0.014
0 0.137139 0.562 0.0748032 0.012
0 0.545932 0.6185 0.104987 0.011
0 0.121391 0.809 0.0511811 0.014
0 0.515092 0.5215 0.0380577 0.011
0 0.229003 0.3685 0.271654 0.015
0 0.137795 0.618 0.0866142 0.012
0 0.782808 0.2735 0.108924 0.013
0 0.448163 0.7155 0.114173 0.013
0 0.158136 0.604 0.129921 0.014
0 0.486877 0.2735 0.0551181 0.011
0 0.645013 0.564 0.0406824 0.012
0 0.496719 0.148 0.0721785 0.012
0 0.239501 0.755 0.106299 0.016
0 0.656168 0.5215 0.183727 0.013
0 0.229659 0.147 0.0813648 0.012
0 0.44685 0.66 0.108924 0.012
0 0.461286 0.0775 0.374016 0.055
0 0.650262 0.4935 0.0538058 0.013
0 0.41601 0.688 0.0472441 0.012
0 0.593176 0.7845 0.107612 0.013
0 0.161417 0.3825 0.131234 0.013
0 0.753937 0.619 0.156168 0.012
0 0.494751 0.162 0.0708661 0.012
0 0.183727 0.162 0.175853 0.014
0 0.181102 0.542 0.154856 0.03
0 0.536089 0.479 0.0826772 0.012
0 0.136483 0.7835 0.0813648 0.013
0 0.580709 0.149 0.0590551 0.012
0 0.354987 0.521 0.132546 0.012
0 0.748688 0.0395 0.122047 0.017
0 0.629921 0.327 0.188976 0.014
0 0.583333 0.5495 0.187664 0.013
0 0.567585 0.2465 0.0695538 0.013
0 0.612205 0.134 0.129921 0.014
0 0.602362 0.688 0.107612 0.014
0 0.56168 0.5905 0.141732 0.011
0 0.753281 0.563 0.0472441 0.012
0 0.602362 0.3005 0.136483 0.013
0 0.211286 0.2715 0.223097 0.013
0 0.204724 0.424 0.212598 0.014
0 0.557087 0.176 0.187664 0.014
0 0.778871 0.8425 0.161417 0.023
0 0.630577 0.661 0.158793 0.014
0 0.528215 0.5635 0.0669291 0.011
0 0.535433 0.6045 0.0866142 0.011
0 0.211942 0.245 0.224409 0.014
0 0.242782 0.452 0.272966 0.016
0 0.158136 0.479 0.129921 0.014
0 0.17126 0.217 0.150919 0.016
0 0.18832 0.5075 0.200787 0.015
0 0.600394 0.2735 0.135171 0.015
0 0.240814 0.6455 0.290026 0.015
0 0.669948 0.743 0.313648 0.04
