0 0.720472 0.574 0.0314961 0.012
0 0.288058 0.576 0.0275591 0.01
0 0.17979 0.576 0.0734908 0.012
0 0.50853 0.4845 0.0301837 0.009
0 0.288058 0.587 0.0249344 0.01
0 0.271654 0.4845 0.249344 0.015
0 0.398294 0.5865 0.0275591 0.011
0 0.605643 0.5865 0.0275591 0.011
0 0.263123 0.4735 0.266404 0.011
0 0.692913 0.4725 0.0367454 0.011
0 0.4521 0.2875 0.389764 0.015
0 0.509843 0.4725 0.0275591 0.011
0 0.288058 0.5635 0.0275591 0.011
0 0.187008 0.4605 0.0826772 0.011
0 0.71916 0.5865 0.0341207 0.011
0 0.716535 0.5625 0.0288714 0.011
0 0.605643 0.5625 0.0275591 0.013
0 0.304462 0.3455 0.0813648 0.013
0 0.167323 0.311 0.0538058 0.012
0 0.692913 0.485 0.0393701 0.012
0 0.674541 0.241 0.0761155 0.016
0 0.185696 0.3335 0.0905512 0.011
0 0.181102 0.5875 0.0761155 0.011
0 0.305774 0.3685 0.0787402 0.013
0 0.404199 0.563 0.0341207 0.012
0 0.185696 0.507 0.0905512 0.01
0 0.603018 0.2415 0.0590551 0.013
0 0.408793 0.3105 0.292651 0.015
0 0.658136 0.5055 0.0905512 0.011
0 0.327428 0.5065 0.0564304 0.011
0 0.483596 0.4605 0.0616798 0.011
0 0.176509 0.5635 0.0669291 0.011
0 0.416667 0.9235 0.282152 0.031
0 0.431759 0.345 0.141732 0.012
0 0.490814 0.604 0.220472 0.016
0 0.238189 0.2485 0.198163 0.023
0 0.674541 0.4595 0.0892388 0.011
0 0.396982 0.53 0.0853018 0.034
0 0.139764 0.9255 0.261155 0.033
0 0.288058 0.531 0.0853018 0.032
0 0.475722 0.379 0.242782 0.036
0 0.711942 0.529 0.0905512 0.032
0 0.599738 0.5305 0.0944882 0.033
