0 0.552493 0.3555 0.459318 0.021
0 0.490814 0.5905 0.0183727 0.011
0 0.49147 0.8465 0.0170604 0.011
0 0.490814 0.5755 0.0183727 0.015
0 0.367454 0.6905 0.0524934 0.011
0 0.541339 0.3 0.544619 0.018
0 0.49147 0.76 0.0144357 0.012
0 0.492126 0.832 0.015748 0.014
0 0.569554 0.381 0.514436 0.018
0 0.293307 0.691 0.0406824 0.012
0 0.490814 0.745 0.015748 0.014
0 0.104331 0.664 0.0826772 0.014
0 0.567585 0.591 0.0511811 0.014
0 0.0833333 0.5645 0.0485564 0.013
0 0.552493 0.3285 0.509186 0.019
0 0.495407 0.506 0.0249344 0.014
0 0.117454 0.708 0.103675 0.016
0 0.0905512 0.188 0.0656168 0.014
0 0.295932 0.507 0.0459318 0.014
0 0.290026 0.5925 0.0419948 0.013
0 0.370735 0.4495 0.0459318 0.017
0 0.291995 0.7475 0.0354331 0.015
0 0.567585 0.831 0.0485564 0.016
0 0.292651 0.677 0.0393701 0.012
0 0.290682 0.5765 0.0380577 0.013
0 0.370735 0.6765 0.0485564 0.013
0 0.828084 0.1815 0.0629921 0.017
0 0.291339 0.6615 0.0393701 0.015
0 0.488845 0.4565 0.0564304 0.027
0 0.370735 0.592 0.0538058 0.014
0 0.0912073 0.6785 0.0590551 0.013
0 0.0912073 0.2165 0.0616798 0.015
0 0.10958 0.7495 0.0984252 0.015
0 0.566929 0.576 0.0524934 0.014
0 0.82021 0.2105 0.0393701 0.015
0 0.293307 0.762 0.0354331 0.014
0 0.0925197 0.6925 0.0616798 0.015
0 0.370079 0.6615 0.0498688 0.015
0 0.370079 0.5775 0.0524934 0.015
0 0.366798 0.507 0.0538058 0.014
0 0.0866142 0.5795 0.0498688 0.013
0 0.568241 0.745 0.0472441 0.014
0 0.572178 0.4495 0.0524934 0.015
0 0.0964567 0.5935 0.0748032 0.015
0 0.292651 0.705 0.0393701 0.012
0 0.36811 0.705 0.0511811 0.014
0 0.160761 0.8495 0.187664 0.015
0 0.566929 0.505 0.0524934 0.016
0 0.368766 0.747 0.0498688 0.014
0 0.331365 0.4345 0.0406824 0.015
0 0.0833333 0.6505 0.0485564 0.015
0 0.771654 0.432 0.0997375 0.016
0 0.686352 0.1835 0.107612 0.017
0 0.108924 0.5085 0.0944882 0.015
0 0.0944882 0.2455 0.0708661 0.017
0 0.568241 0.76 0.0498688 0.014
0 0.114173 0.7645 0.102362 0.015
0 0.225722 0.1865 0.0734908 0.015
0 0.568898 0.8455 0.0511811 0.015
0 0.152887 0.302 0.187664 0.018
0 0.370079 0.7615 0.0498688 0.015
0 0.288714 0.46 0.0603675 0.03
0 0.701444 0.2125 0.135171 0.015
0 0.381234 0.2135 0.41601 0.017
0 0.167323 0.8345 0.198163 0.013
0 0.520341 0.433 0.143045 0.016
0 0.716535 0.8945 0.152231 0.023
0 0.133202 0.8205 0.148294 0.013
0 0.253937 0.2425 0.129921 0.017
0 0.119423 0.2735 0.11811 0.017
0 0.46063 0.104 0.194226 0.042
0 0.760499 0.514 0.26378 0.03
0 0.318898 0.271 0.246719 0.018
