0 0.221129 0.611 0.248031 0.02
0 0.35105 0.7935 0.0459318 0.027
0 0.692257 0.5485 0.10105 0.015
0 0.423885 0.201 0.0262467 0.016
0 0.381234 0.2005 0.0380577 0.015
0 0.715879 0.0755 0.0170604 0.013
0 0.71916 0.131 0.0131234 0.01
0 0.760499 0.1465 0.0223097 0.011
0 0.587927 0.395 0.0367454 0.014
0 0.116798 0.8275 0.0288714 0.013
0 0.698163 0.55 0.23622 0.016
0 0.763123 0.534 0.0459318 0.012
0 0.680446 0.145 0.0301837 0.012
0 0.149606 0.813 0.0866142 0.016
0 0.641076 0.076 0.0275591 0.014
0 0.67979 0.131 0.0288714 0.012
0 0.323491 0.576 0.0328084 0.014
0 0.721129 0.1575 0.0433071 0.013
0 0.341207 0.296 0.0708661 0.018
0 0.461286 0.063 0.290026 0.018
0 0.49147 0.228 0.0485564 0.014
0 0.352362 0.7875 0.0826772 0.043
0 0.276903 0.8265 0.146982 0.015
0 0.411417 0.799 0.0643045 0.012
0 0.72769 0.2835 0.0511811 0.013
0 0.727034 0.2985 0.107612 0.015
0 0.583333 0.702 0.0459318 0.018
0 0.583333 0.7575 0.0433071 0.017
0 0.583333 0.674 0.0433071 0.014
0 0.582677 0.7295 0.0446194 0.017
0 0.759186 0.13 0.0223097 0.012
0 0.747375 0.227 0.0511811 0.014
0 0.564961 0.5345 0.116798 0.017
0 0.688976 0.534 0.0734908 0.014
0 0.726378 0.4495 0.116798 0.019
0 0.726378 0.4915 0.116798 0.019
0 0.203412 0.075 0.0734908 0.016
0 0.610236 0.2275 0.0892388 0.017
0 0.510499 0.1945 0.0551181 0.029
0 0.159449 0.103 0.114173 0.014
0 0.725722 0.326 0.115486 0.016
0 0.746719 0.255 0.0524934 0.016
0 0.33727 0.4785 0.0577428 0.017
0 0.269029 0.813 0.120735 0.016
0 0.341207 0.3245 0.0734908 0.017
0 0.490814 0.255 0.0498688 0.014
0 0.565617 0.842 0.115486 0.014
0 0.237533 0.631 0.283465 0.02
0 0.137795 0.228 0.0708661 0.016
0 0.340551 0.409 0.0748032 0.016
0 0.582021 0.785 0.0459318 0.018
0 0.449475 0.145 0.0879265 0.012
0 0.159449 0.702 0.111549 0.016
0 0.726378 0.3545 0.111549 0.017
0 0.676509 0.827 0.0695538 0.016
0 0.248031 0.172 0.301837 0.018
0 0.499344 0.499 0.174541 0.03
0 0.379265 0.2285 0.141732 0.017
0 0.480971 0.6315 0.195538 0.015
0 0.639764 0.199 0.0958005 0.016
0 0.671916 0.842 0.0708661 0.014
0 0.164042 0.6735 0.128609 0.017
0 0.170604 0.2 0.0813648 0.016
0 0.158793 0.5755 0.112861 0.017
0 0.5 0.2985 0.167979 0.015
0 0.51378 0.363 0.190289 0.028
0 0.514436 0.2835 0.2021 0.017
0 0.608268 0.2555 0.0669291 0.017
0 0.163386 0.1305 0.122047 0.015
0 0.677165 0.6715 0.110236 0.027
0 0.159449 0.757 0.111549 0.016
0 0.558399 0.827 0.10105 0.016
0 0.471785 0.4515 0.111549 0.015
0 0.150919 0.283 0.0944882 0.016
0 0.669291 0.7025 0.0944882 0.029
0 0.385827 0.712 0.133858 0.034
0 0.526903 0.1305 0.245407 0.017
0 0.666667 0.7765 0.0813648 0.045
0 0.531496 0.4105 0.225722 0.017
0 0.350394 0.6045 0.0708661 0.015
0 0.192257 0.298 0.192913 0.022
0 0.303806 0.1315 0.143045 0.015
0 0.467848 0.396 0.106299 0.014
0 0.159449 0.73 0.114173 0.016
0 0.519685 0.158 0.223097 0.016
0 0.17979 0.862 0.15748 0.03
0 0.33399 0.842 0.271654 0.018
0 0.771654 0.193 0.0839895 0.028
0 0.160105 0.256 0.11811 0.018
0 0.171916 0.4165 0.133858 0.031
0 0.525591 0.326 0.216535 0.018
0 0.201444 0.6035 0.195538 0.017
0 0.380577 0.2555 0.141732 0.017
0 0.776903 0.8755 0.160105 0.023
0 0.402887 0.103 0.362205 0.018
0 0.457349 0.047 0.287402 0.018
0 0.173885 0.3325 0.135171 0.031
0 0.397638 0.673 0.188976 0.03
0 0.16273 0.785 0.125984 0.018
0 0.177822 0.4945 0.148294 0.043
