0 0.103018 0.7185 0.0984252 0.019
0 0.448163 0.044 0.164042 0.018
0 0.34252 0.302 0.32021 0.016
0 0.47769 0.7105 0.0262467 0.013
0 0.482283 0.812 0.0249344 0.012
0 0.0866142 0.6285 0.0551181 0.013
0 0.454724 0.057 0.182415 0.044
0 0.0767717 0.532 0.0485564 0.012
0 0.106299 0.657 0.104987 0.018
0 0.473753 0.4615 0.023622 0.015
0 0.479003 0.302 0.595801 0.02
0 0.477034 0.727 0.0223097 0.012
0 0.474409 0.547 0.0223097 0.012
0 0.273622 0.5325 0.0380577 0.015
0 0.473753 0.5305 0.023622 0.013
0 0.348425 0.4 0.0433071 0.016
0 0.0754593 0.218 0.0459318 0.014
0 0.479003 0.7955 0.0262467 0.013
0 0.760499 0.3845 0.0931759 0.015
0 0.278215 0.712 0.0367454 0.014
0 0.097769 0.615 0.0931759 0.014
0 0.146325 0.7965 0.166667 0.013
0 0.0748032 0.518 0.0472441 0.012
0 0.791995 0.835 0.0800525 0.018
0 0.551837 0.4005 0.0485564 0.015
0 0.765748 0.162 0.0380577 0.016
0 0.082021 0.163 0.0590551 0.016
0 0.652887 0.1345 0.10105 0.019
0 0.273622 0.462 0.0406824 0.016
0 0.555774 0.711 0.0511811 0.014
0 0.311024 0.386 0.0393701 0.014
0 0.472441 0.4005 0.0577428 0.015
0 0.085958 0.1915 0.0695538 0.017
0 0.551181 0.4615 0.0498688 0.017
0 0.349081 0.5315 0.0472441 0.013
0 0.55643 0.7945 0.0524934 0.017
0 0.345144 0.463 0.0524934 0.016
0 0.551837 0.5295 0.0511811 0.015
0 0.206693 0.246 0.0485564 0.014
0 0.0734908 0.6015 0.0393701 0.013
0 0.774934 0.1315 0.0564304 0.017
0 0.278215 0.728 0.0393701 0.014
0 0.55315 0.546 0.0485564 0.016
0 0.269029 0.4005 0.0603675 0.015
0 0.273622 0.5465 0.0380577 0.013
0 0.26706 0.1625 0.150919 0.019
0 0.0833333 0.642 0.0590551 0.014
0 0.0984252 0.3025 0.0944882 0.015
0 0.350394 0.3295 0.385827 0.021
0 0.55315 0.7255 0.0538058 0.015
0 0.10105 0.7125 0.0918635 0.015
0 0.800525 0.8505 0.0944882 0.015
0 0.729659 0.903 0.146982 0.022
0 0.106299 0.7265 0.104987 0.015
0 0.351706 0.7115 0.0498688 0.017
0 0.23294 0.218 0.103675 0.016
0 0.347769 0.5465 0.0472441 0.013
0 0.0872703 0.546 0.0669291 0.014
0 0.107612 0.274 0.112861 0.016
0 0.144357 0.81 0.204724 0.016
0 0.0951444 0.4625 0.0931759 0.015
0 0.55643 0.811 0.0551181 0.016
0 0.124672 0.782 0.128609 0.014
0 0.688976 0.8385 0.0997375 0.017
0 0.246063 0.134 0.124672 0.018
0 0.505249 0.3855 0.141732 0.015
0 0.0971129 0.247 0.0971129 0.016
0 0.301181 0.274 0.240157 0.016
0 0.67126 0.162 0.135171 0.018
0 0.761811 0.5135 0.305774 0.121
0 0.154199 0.365 0.198163 0.016
0 0.35105 0.7275 0.0538058 0.015
0 0.433727 0.3655 0.355643 0.017
