0 0.583333 0.2195 0.192913 0.017
0 0.0853018 0.208 0.115486 0.014
0 0.374672 0.2055 0.5 0.021
0 0.820866 0.7955 0.0301837 0.029
0 0.673228 0.4875 0.16273 0.013
0 0.730971 0.1765 0.110236 0.017
0 0.36811 0.649 0.0380577 0.014
0 0.366142 0.582 0.0367454 0.014
0 0.0656168 0.2355 0.0813648 0.015
0 0.365486 0.515 0.0354331 0.014
0 0.364173 0.4745 0.0380577 0.015
0 0.366798 0.6895 0.0380577 0.013
0 0.73622 0.217 0.0446194 0.014
0 0.366798 0.676 0.0406824 0.012
0 0.736877 0.2025 0.0380577 0.013
0 0.170604 0.5035 0.0524934 0.013
0 0.423885 0.3395 0.0997375 0.017
0 0.367454 0.7285 0.0393701 0.015
0 0.176509 0.65 0.0564304 0.014
0 0.687664 0.4725 0.220472 0.015
0 0.415354 0.366 0.0380577 0.016
0 0.366142 0.596 0.0367454 0.014
0 0.364829 0.5295 0.0367454 0.013
0 0.367454 0.743 0.0367454 0.014
0 0.166667 0.57 0.0314961 0.012
0 0.175853 0.6635 0.0577428 0.013
0 0.366142 0.6625 0.0393701 0.013
0 0.176509 0.6775 0.0538058 0.013
0 0.206693 0.5175 0.122047 0.013
0 0.185039 0.476 0.0761155 0.014
0 0.169948 0.584 0.0511811 0.012
0 0.708661 0.433 0.0918635 0.014
0 0.2021 0.7305 0.107612 0.015
0 0.166667 0.637 0.0393701 0.012
0 0.0708661 0.3705 0.0866142 0.015
0 0.424541 0.2995 0.111549 0.017
0 0.198819 0.6915 0.0984252 0.017
0 0.0912073 0.344 0.124672 0.016
0 0.187008 0.531 0.0853018 0.014
0 0.208661 0.2345 0.125984 0.015
0 0.179134 0.5975 0.0643045 0.013
0 0.0754593 0.262 0.10105 0.016
0 0.429134 0.0985 0.139108 0.015
0 0.197507 0.7455 0.103675 0.015
0 0.418635 0.0715 0.419948 0.017
0 0.659449 0.782 0.148294 0.026
0 0.360236 0.429 0.0695538 0.028
0 0.114173 0.0475 0.2021 0.019
0 0.33399 0.1805 0.37664 0.019
0 0.236877 0.261 0.187664 0.016
