0 0.587927 0.907 0.0708661 0.014
0 0.462598 0.46 0.0223097 0.012
0 0.150262 0.4585 0.0380577 0.015
0 0.322835 0.903 0.0708661 0.016
0 0.269685 0.671 0.200787 0.018
0 0.786089 0.464 0.0446194 0.014
0 0.150919 0.489 0.0393701 0.014
0 0.824147 0.21 0.0866142 0.016
0 0.83399 0.191 0.0695538 0.018
0 0.478346 0.1065 0.305774 0.017
0 0.0958005 0.035 0.0866142 0.014
0 0.268373 0.2245 0.208661 0.055
0 0.59252 0.1505 0.127297 0.015
0 0.590551 0.1295 0.125984 0.015
0 0.655512 0.208 0.158793 0.016
0 0.744094 0.857 0.154856 0.02
0 0.174541 0.557 0.207349 0.018
0 0.131234 0.9055 0.178478 0.017
0 0.731627 0.907 0.122047 0.016
0 0.474409 0.0715 0.431759 0.029
0 0.65748 0.1935 0.183727 0.017
0 0.792651 0.3985 0.136483 0.031
0 0.223097 0.7265 0.356955 0.017
0 0.116142 0.1745 0.116798 0.015
0 0.158136 0.346 0.211286 0.018
0 0.16273 0.4305 0.170604 0.017
0 0.486877 0.395 0.188976 0.032
0 0.528871 0.1705 0.238845 0.017
0 0.167979 0.5995 0.24147 0.019
0 0.420604 0.657 0.5 0.04
