0 0.916446 0.76 0.0185676 0.05
0 0.485411 0.5795 0.62069 0.023
0 0.516578 0.356 0.614058 0.018
0 0.33687 0.3365 0.366048 0.017
0 0.512599 0.305 0.645889 0.034
0 0.339523 0.355 0.297082 0.016
0 0.582891 0.547 0.0198939 0.012
0 0.289125 0.91 0.061008 0.012
0 0.288462 0.389 0.261273 0.018
0 0.291777 0.4045 0.262599 0.019
0 0.418435 0.373 0.0225464 0.012
0 0.426393 0.4395 0.112732 0.013
0 0.188992 0.9095 0.0676393 0.011
0 0.270557 0.438 0.220159 0.018
0 0.278515 0.732 0.259947 0.02
0 0.180371 0.6735 0.0450928 0.017
0 0.513263 0.4905 0.657825 0.023
0 0.176393 0.3135 0.0318302 0.013
0 0.507958 0.194 0.480106 0.024
0 0.224138 0.2405 0.132626 0.015
0 0.504642 0.2635 0.197613 0.015
0 0.397215 0.2795 0.136605 0.015
0 0.217507 0.2795 0.108753 0.015
0 0.803714 0.159 0.143236 0.014
0 0.295093 0.1465 0.282493 0.011
0 0.751326 0.171 0.237401 0.022
0 0.391247 0.2405 0.0371353 0.013
0 0.280504 0.711 0.197613 0.036
0 0.278515 0.372 0.257294 0.02
0 0.840186 0.915 0.0437666 0.012
0 0.267241 0.262 0.213528 0.018
0 0.277188 0.421 0.230769 0.018
0 0.642573 0.398 0.0676393 0.014
0 0.447613 0.092 0.645889 0.026
0 0.720822 0.7345 0.287798 0.017
0 0.397215 0.766 0.497347 0.018
0 0.32626 0.793 0.124668 0.014
0 0.332228 0.656 0.354111 0.018
0 0.738727 0.6335 0.188329 0.017
0 0.703581 0.416 0.197613 0.02
0 0.23939 0.4715 0.155172 0.015
