0 0.580902 0.412 0.0344828 0.014
0 0.547745 0.411 0.0371353 0.014
0 0.727454 0.9435 0.035809 0.015
0 0.46817 0.8445 0.718833 0.045
0 0.22878 0.185 0.144562 0.014
0 0.277188 0.944 0.0371353 0.016
0 0.127321 0.2945 0.0557029 0.015
0 0.125332 0.342 0.0517241 0.014
0 0.247347 0.3415 0.0729443 0.015
0 0.656499 0.317 0.0822281 0.014
0 0.378647 0.1685 0.505305 0.027
0 0.179708 0.2215 0.171088 0.027
0 0.584217 0.4395 0.107427 0.017
0 0.730106 0.412 0.0994695 0.016
0 0.3687 0.944 0.061008 0.016
0 0.582891 0.4685 0.107427 0.017
0 0.749337 0.147 0.140584 0.02
0 0.354111 0.411 0.0795756 0.014
0 0.364058 0.469 0.0994695 0.018
0 0.41313 0.2635 0.12069 0.017
0 0.664456 0.297 0.111406 0.014
0 0.261936 0.295 0.0994695 0.016
0 0.472812 0.893 0.704244 0.028
0 0.203581 0.927 0.1313 0.016
0 0.735411 0.4385 0.11008 0.017
0 0.147878 0.539 0.0915119 0.014
0 0.200265 0.4685 0.111406 0.017
0 0.364721 0.439 0.103448 0.018
0 0.19695 0.945 0.115385 0.016
0 0.200928 0.438 0.115385 0.016
0 0.377321 0.2205 0.168435 0.027
0 0.188992 0.411 0.0915119 0.014
0 0.53183 0.2225 0.103448 0.029
0 0.82626 0.1215 0.0822281 0.039
0 0.724138 0.2225 0.124668 0.031
0 0.535809 0.263 0.124668 0.02
0 0.474801 0.505 0.31565 0.02
0 0.380637 0.1225 0.525199 0.053
0 0.475464 0.699 0.696286 0.044
0 0.472812 0.379 0.295756 0.018
