0 0.597113 0.5505 0.023622 0.011
0 0.597113 0.286 0.0209974 0.01
0 0.479659 0.814 0.0301837 0.012
0 0.734908 0.551 0.0209974 0.01
0 0.401575 0.122 0.16273 0.026
0 0.597113 0.3655 0.023622 0.011
0 0.734908 0.3655 0.0209974 0.011
0 0.636483 0.815 0.0314961 0.012
0 0.698819 0.47 0.0354331 0.014
0 0.48622 0.836 0.0511811 0.014
0 0.501312 0.8795 0.0734908 0.015
0 0.636483 0.7625 0.0314961 0.013
0 0.480315 0.7615 0.0288714 0.013
0 0.574803 0.259 0.0629921 0.014
0 0.714567 0.234 0.0616798 0.014
0 0.715223 0.26 0.0682415 0.014
0 0.572178 0.444 0.0734908 0.016
0 0.572835 0.312 0.0748032 0.012
0 0.114829 0.734 0.0433071 0.014
0 0.576115 0.233 0.0629921 0.014
0 0.645013 0.837 0.0511811 0.014
0 0.709974 0.313 0.0708661 0.014
0 0.568898 0.469 0.0748032 0.016
0 0.511811 0.681 0.0944882 0.014
0 0.711942 0.4185 0.0643045 0.013
0 0.707349 0.18 0.0708661 0.014
0 0.571522 0.418 0.0721785 0.012
0 0.711942 0.444 0.0643045 0.014
0 0.141732 0.6815 0.0944882 0.013
0 0.672572 0.6805 0.106299 0.015
0 0.713911 0.2065 0.0629921 0.013
0 0.647638 0.8545 0.0538058 0.015
0 0.711942 0.2855 0.0616798 0.013
0 0.207349 0.4695 0.238845 0.015
0 0.753281 0.9045 0.144357 0.019
0 0.566929 0.576 0.0839895 0.016
0 0.129265 0.7875 0.0721785 0.011
0 0.124672 0.5235 0.0629921 0.015
0 0.578084 0.6005 0.111549 0.015
0 0.572178 0.3345 0.0761155 0.017
0 0.492126 0.8535 0.0577428 0.015
0 0.217848 0.391 0.244094 0.014
0 0.723753 0.6015 0.0905512 0.015
0 0.25 0.2855 0.313648 0.015
0 0.509186 0.7885 0.0866142 0.013
0 0.158136 0.4185 0.127297 0.013
0 0.153543 0.656 0.128609 0.014
0 0.712598 0.5765 0.0682415 0.015
0 0.71063 0.334 0.0748032 0.018
0 0.577428 0.205 0.0603675 0.014
0 0.187664 0.55 0.194226 0.016
0 0.131234 0.878 0.0813648 0.012
0 0.179134 0.6015 0.166667 0.013
0 0.14895 0.8565 0.114173 0.013
0 0.656168 0.8815 0.0734908 0.015
0 0.160105 0.576 0.133858 0.014
0 0.198163 0.4955 0.199475 0.015
0 0.664698 0.7885 0.0905512 0.013
0 0.2021 0.179 0.217848 0.016
0 0.143701 0.8355 0.106299 0.013
0 0.180446 0.708 0.171916 0.016
0 0.228346 0.761 0.286089 0.016
0 0.558399 0.1735 0.0905512 0.027
0 0.243438 0.3115 0.276903 0.015
0 0.170604 0.154 0.136483 0.014
0 0.233596 0.4435 0.288714 0.015
0 0.176509 0.258 0.156168 0.016
0 0.199475 0.337 0.207349 0.014
0 0.203412 0.206 0.207349 0.016
0 0.225722 0.6285 0.275591 0.015
0 0.165354 0.814 0.146982 0.014
0 0.175853 0.2325 0.149606 0.015
0 0.221129 0.364 0.271654 0.014
