0 0.828794 0.0895 0.0959793 0.013
0 0.509079 0.845 0.0635538 0.014
0 0.910506 0.0905 0.0726329 0.013
0 0.508431 0.815 0.0622568 0.016
0 0.220493 0.5505 0.184176 0.019
0 0.31323 0.0535 0.0557717 0.027
0 0.527886 0.508 0.077821 0.016
0 0.510376 0.784 0.0661479 0.016
0 0.53048 0.478 0.0907912 0.018
0 0.251621 0.293 0.230869 0.02
0 0.51751 0.6 0.0648508 0.018
0 0.524643 0.418 0.0713359 0.018
0 0.520104 0.707 0.080415 0.016
0 0.523346 0.677 0.079118 0.016
0 0.531777 0.448 0.0881971 0.018
0 0.244488 0.7505 0.239948 0.019
0 0.264591 0.4145 0.267185 0.021
0 0.516213 0.372 0.0518807 0.016
0 0.509079 0.5545 0.0505837 0.017
0 0.262646 0.6435 0.2607 0.019
0 0.561608 0.647 0.155642 0.018
0 0.225032 0.596 0.188067 0.018
0 0.307393 0.263 0.238651 0.022
0 0.581712 0.3435 0.198444 0.019
0 0.23476 0.339 0.197147 0.02
0 0.802853 0.0655 0.287938 0.031
0 0.559014 0.7555 0.155642 0.019
0 0.658885 0.267 0.256809 0.022
0 0.582361 0.298 0.189364 0.018
0 0.494812 0.1715 0.335927 0.041
