0 0.526247 0.816 0.60105 0.02
0 0.349081 0.6075 0.0104987 0.015
0 0.175853 0.3585 0.0104987 0.017
0 0.30643 0.6105 0.00918635 0.019
0 0.347769 0.692 0.0104987 0.014
0 0.175197 0.8165 0.00918635 0.017
0 0.348425 0.6635 0.011811 0.017
0 0.175197 0.485 0.00918635 0.018
0 0.305774 0.6925 0.0104987 0.015
0 0.175197 0.7475 0.011811 0.017
0 0.132546 0.3595 0.0104987 0.017
0 0.132546 0.289 0.0104987 0.018
0 0.305774 0.664 0.0104987 0.016
0 0.132546 0.7495 0.0104987 0.017
0 0.176509 0.289 0.00918635 0.014
0 0.348425 0.636 0.011811 0.016
0 0.465223 0.5505 0.505249 0.019
0 0.132546 0.5545 0.0104987 0.017
0 0.13189 0.4855 0.00918635 0.017
0 0.305774 0.6375 0.0104987 0.015
0 0.305118 0.581 0.011811 0.016
0 0.175853 0.5545 0.0104987 0.015
0 0.13189 0.8165 0.00918635 0.017
0 0.13189 0.8705 0.00918635 0.015
0 0.175853 0.87 0.0104987 0.014
0 0.348425 0.58 0.00918635 0.014
0 0.566273 0.3625 0.599738 0.031
0 0.567585 0.2905 0.615486 0.027
0 0.488189 0.69 0.160105 0.018
0 0.370735 0.8675 0.290026 0.017
0 0.422572 0.426 0.362205 0.03
0 0.536089 0.6065 0.274278 0.019
0 0.454724 0.6615 0.0931759 0.015
0 0.488845 0.238 0.350394 0.032
0 0.475722 0.634 0.137795 0.016
0 0.470472 0.579 0.122047 0.016
0 0.677822 0.199 0.240157 0.026
0 0.158793 0.423 0.0682415 0.028
0 0.320866 0.205 0.410761 0.018
0 0.494094 0.128 0.305774 0.056
0 0.551837 0.489 0.69685 0.036
0 0.559055 0.7535 0.629921 0.031
