0 0.262467 0.51 0.44357 0.02
0 0.448819 0.0625 0.551181 0.039
0 0.668635 0.653 0.0433071 0.014
0 0.21063 0.483 0.38189 0.016
0 0.239501 0.2845 0.463255 0.015
0 0.61811 0.2145 0.0419948 0.011
0 0.237533 0.1705 0.102362 0.011
0 0.129921 0.171 0.120735 0.016
0 0.585302 0.6525 0.0971129 0.019
0 0.658793 0.228 0.120735 0.014
0 0.643045 0.198 0.0918635 0.014
0 0.761811 0.1805 0.106299 0.025
0 0.10105 0.5975 0.186352 0.013
0 0.643701 0.185 0.0958005 0.014
0 0.697507 0.2125 0.0721785 0.013
0 0.270341 0.598 0.144357 0.016
0 0.426509 0.6545 0.0577428 0.023
0 0.620079 0.8805 0.14042 0.013
0 0.767717 0.199 0.104987 0.018
0 0.192257 0.5385 0.274278 0.017
0 0.243438 0.2275 0.10105 0.015
0 0.074147 0.6535 0.116798 0.013
0 0.442913 0.8885 0.203412 0.025
0 0.0728346 0.2 0.119423 0.014
0 0.17979 0.882 0.217848 0.014
0 0.496719 0.653 0.0485564 0.022
0 0.448819 0.127 0.296588 0.02
0 0.0879265 0.2285 0.144357 0.013
0 0.738189 0.156 0.177165 0.014
0 0.0734908 0.0665 0.0813648 0.067
0 0.379921 0.171 0.106299 0.014
0 0.459318 0.3665 0.811024 0.087
0 0.822178 0.0665 0.10105 0.073
0 0.667323 0.2415 0.14042 0.015
0 0.265748 0.199 0.156168 0.018
0 0.330709 0.654 0.0971129 0.014
0 0.450131 0.574 0.795276 0.052
