0 0.164093 0.518 0.011583 0.012
0 0.164093 0.5775 0.011583 0.011
0 0.391892 0.367 0.034749 0.01
0 0.164093 0.489 0.011583 0.012
0 0.163449 0.6075 0.01287 0.013
0 0.26834 0.3975 0.021879 0.013
0 0.817889 0.1475 0.045045 0.013
0 0.285071 0.585 0.027027 0.014
0 0.133205 0.1465 0.045045 0.011
0 0.288932 0.495 0.016731 0.014
0 0.164736 0.547 0.01287 0.012
0 0.284427 0.5245 0.028314 0.015
0 0.534749 0.739 0.737452 0.024
0 0.488417 0.2935 0.019305 0.015
0 0.878378 0.139 0.037323 0.02
0 0.758044 0.584 0.036036 0.016
0 0.28314 0.613 0.028314 0.014
0 0.825611 0.165 0.186615 0.032
0 0.481338 0.367 0.033462 0.012
0 0.283784 0.5545 0.027027 0.013
0 0.758044 0.613 0.03861 0.016
0 0.516731 0.5835 0.050193 0.015
0 0.684685 0.1355 0.0900901 0.017
0 0.682754 0.1765 0.0579151 0.013
0 0.530888 0.4565 0.106821 0.019
0 0.570142 0.3675 0.036036 0.013
0 0.166023 0.4525 0.0566281 0.011
0 0.138996 0.7455 0.0694981 0.013
0 0.570785 0.1455 0.0785071 0.013
0 0.44852 0.3025 0.032175 0.011
0 0.682111 0.367 0.0823681 0.012
0 0.758687 0.5535 0.039897 0.017
0 0.758687 0.4955 0.042471 0.017
0 0.733591 0.396 0.0514801 0.012
0 0.312741 0.4525 0.0669241 0.011
0 0.516088 0.554 0.0489061 0.014
0 0.627413 0.396 0.0527671 0.012
0 0.146075 0.237 0.0707851 0.012
0 0.516731 0.524 0.050193 0.016
0 0.442085 0.177 0.045045 0.012
0 0.518018 0.6125 0.050193 0.017
0 0.541828 0.303 0.043758 0.012
0 0.7574 0.523 0.039897 0.016
0 0.787001 0.293 0.050193 0.018
0 0.541828 0.333 0.0514801 0.012
0 0.814672 0.457 0.118404 0.02
0 0.510296 0.3955 0.0656371 0.011
0 0.528314 0.172 0.0990991 0.016
0 0.15444 0.208 0.0900901 0.012
0 0.350064 0.395 0.133848 0.012
0 0.517375 0.496 0.0489061 0.016
0 0.256113 0.1705 0.0489061 0.015
0 0.906692 0.9515 0.0759331 0.011
0 0.178893 0.9495 0.151866 0.011
0 0.397683 0.204 0.303732 0.016
0 0.745817 0.2085 0.0939511 0.011
0 0.150579 0.3025 0.0849421 0.013
0 0.676963 0.303 0.0849421 0.014
0 0.869369 0.201 0.0990991 0.016
0 0.150579 0.177 0.0849421 0.012
0 0.516088 0.067 0.28314 0.024
0 0.420206 0.108 0.500643 0.02
0 0.184041 0.716 0.157014 0.014
0 0.604247 0.648 0.60103 0.022
0 0.421493 0.7105 0.240669 0.019
0 0.183398 0.656 0.148005 0.012
0 0.356499 0.1395 0.350064 0.021
0 0.162806 0.395 0.109395 0.012
0 0.187902 0.333 0.157014 0.012
0 0.685972 0.3285 0.159588 0.017
0 0.288288 0.2945 0.15444 0.017
0 0.254183 0.8725 0.287001 0.021
0 0.212355 0.366 0.211068 0.014
0 0.293436 0.6795 0.342342 0.019
0 0.504505 0.793 0.795367 0.074
0 0.598456 0.2375 0.689833 0.053
0 0.560489 0.878 0.240669 0.036
