0 0.725849 0.3165 0.0182768 0.015
0 0.29047 0.175 0.0326371 0.014
0 0.681462 0.1785 0.0417755 0.015
0 0.451044 0.3765 0.646214 0.023
0 0.148825 0.2315 0.0574413 0.013
0 0.185379 0.1755 0.127937 0.017
0 0.691906 0.3765 0.133159 0.015
0 0.22389 0.318 0.20235 0.018
0 0.226501 0.076 0.218016 0.016
0 0.400783 0.3115 0.0887728 0.019
0 0.377285 0.347 0.130548 0.016
0 0.539164 0.2415 0.490862 0.037
0 0.529373 0.205 0.515666 0.022
0 0.518277 0.134 0.16188 0.018
0 0.819191 0.3205 0.150131 0.017
0 0.193211 0.345 0.154047 0.016
0 0.778068 0.18 0.143603 0.018
0 0.535901 0.348 0.168407 0.016
0 0.605744 0.319 0.18799 0.018
0 0.775457 0.348 0.229765 0.018
0 0.477154 0.4395 0.701044 0.045
0 0.508486 0.8715 0.774151 0.055
