0 0.0301669 0.105 0.0346598 0.028
0 0.868421 0.205 0.0988447 0.014
0 0.30552 0.8635 0.218229 0.023
0 0.238126 0.412 0.042362 0.014
0 0.292041 0.3645 0.293967 0.017
0 0.520539 0.0525 0.0500642 0.015
0 0.314506 0.873 0.2362 0.028
0 0.0346598 0.231 0.0385109 0.014
0 0.311938 0.3805 0.205392 0.017
0 0.100128 0.553 0.112965 0.014
0 0.648267 0.1455 0.0282413 0.013
0 0.420411 0.2295 0.0449294 0.015
0 0.610398 0.3785 0.170732 0.015
0 0.300385 0.828 0.223363 0.02
0 0.597561 0.4235 0.134788 0.015
0 0.781771 0.565 0.0667522 0.014
0 0.0757381 0.6925 0.0590501 0.015
0 0.0417202 0.2105 0.0629012 0.015
0 0.071887 0.493 0.0693196 0.02
0 0.292683 0.8445 0.174583 0.017
0 0.636072 0.535 0.188703 0.016
0 0.244544 0.3495 0.0500642 0.015
0 0.668806 0.2285 0.0410783 0.017
0 0.17715 0.3185 0.0410783 0.015
0 0.233633 0.538 0.0539153 0.014
0 0.189987 0.3335 0.0641849 0.015
0 0.787548 0.519 0.0757381 0.014
0 0.609756 0.394 0.156611 0.016
0 0.250963 0.676 0.103979 0.016
0 0.537227 0.1135 0.0834403 0.019
0 0.627086 0.5515 0.198973 0.017
0 0.588575 0.3635 0.134788 0.015
0 0.0802311 0.5225 0.0731707 0.015
0 0.55199 0.316 0.0513479 0.016
0 0.22208 0.2305 0.0513479 0.015
0 0.238126 0.521 0.0629012 0.018
0 0.0815148 0.334 0.0757381 0.014
0 0.587933 0.4405 0.1181 0.015
0 0.250321 0.4285 0.0590501 0.017
0 0.406932 0.0525 0.1181 0.019
0 0.0917843 0.538 0.0962773 0.014
0 0.535944 0.285 0.0885751 0.018
0 0.237484 0.553 0.0616175 0.014
0 0.56932 0.347 0.0834403 0.014
0 0.787548 0.535 0.0757381 0.014
0 0.106547 0.8295 0.123235 0.017
0 0.272786 0.692 0.147625 0.016
0 0.0956354 0.5855 0.0988447 0.015
0 0.0532734 0.7995 0.0937099 0.017
0 0.0757381 0.318 0.0641849 0.014
0 0.0892169 0.569 0.0808729 0.014
0 0.105905 0.6765 0.116816 0.017
0 0.578306 0.5665 0.0988447 0.013
0 0.224005 0.209 0.0757381 0.016
0 0.0686778 0.2875 0.121951 0.015
0 0.643132 0.5885 0.220796 0.031
0 0.0795892 0.366 0.0744544 0.016
0 0.07638 0.413 0.0654685 0.014
0 0.421694 0.208 0.0988447 0.016
0 0.817715 0.55 0.138639 0.016
0 0.200899 0.1775 0.401797 0.019
0 0.121951 0.3815 0.159178 0.015
0 0.113607 0.845 0.134788 0.016
0 0.570603 0.0825 0.14249 0.019
0 0.250963 0.5905 0.15276 0.033
0 0.103979 0.861 0.1181 0.016
0 0.123235 0.397 0.154044 0.016
0 0.251605 0.3965 0.0744544 0.013
0 0.568036 0.4085 0.0808729 0.013
0 0.0821566 0.6465 0.143774 0.017
0 0.397304 0.1145 0.127086 0.019
0 0.77792 0.0185 0.228498 0.019
0 0.670732 0.206 0.147625 0.018
0 0.874198 0.226 0.18742 0.02
0 0.424904 0.145 0.197689 0.02
0 0.503851 0.175 0.132221 0.02
0 0.61104 0.5205 0.161746 0.017
0 0.790116 0.143 0.224647 0.02
0 0.873556 0.1875 0.191271 0.017
0 0.57638 0.4885 0.174583 0.019
0 0.120668 0.3495 0.151476 0.015
0 0.121309 0.4295 0.145058 0.017
0 0.614249 0.6425 0.255456 0.021
0 0.150834 0.148 0.301669 0.02
0 0.12516 0.738 0.229782 0.02
0 0.356868 0.0835 0.215661 0.021
0 0.718229 0.959 0.355584 0.064
0 0.32991 0.76 0.172015 0.036
0 0.732991 0.3165 0.254172 0.019
0 0.716303 0.73 0.456996 0.122
