0 0.100796 0.853 0.0212202 0.014
0 0.31565 0.557 0.0318302 0.014
0 0.109416 0.3465 0.0384615 0.015
0 0.302387 0.468 0.0503979 0.014
0 0.503316 0.758 0.0464191 0.014
0 0.248011 0.272 0.0424403 0.016
0 0.31565 0.497 0.0318302 0.014
0 0.116048 0.317 0.0490716 0.016
0 0.527851 0.312 0.0557029 0.014
0 0.172414 0.313 0.0530504 0.016
0 0.530504 0.5915 0.108753 0.017
0 0.25 0.244 0.0464191 0.014
0 0.590849 0.6375 0.0517241 0.019
0 0.388594 0.37 0.437666 0.018
0 0.637931 0.317 0.100796 0.016
0 0.553714 0.774 0.15252 0.016
0 0.611406 0.8695 0.122016 0.015
0 0.174403 0.8705 0.104775 0.015
0 0.166446 0.893 0.0888594 0.016
0 0.608753 0.848 0.111406 0.016
0 0.305703 0.5865 0.0623342 0.017
0 0.637268 0.893 0.179045 0.018
0 0.175066 0.9145 0.108753 0.015
0 0.314987 0.341 0.340849 0.02
0 0.429045 0.317 0.112732 0.016
0 0.135942 0.3695 0.0809019 0.017
0 0.324934 0.528 0.0742706 0.016
0 0.33687 0.209 0.0901857 0.016
0 0.189655 0.851 0.137931 0.016
0 0.635942 0.9145 0.157825 0.017
0 0.337533 0.2405 0.096817 0.017
0 0.169761 0.5915 0.164456 0.017
0 0.477454 0.1435 0.647215 0.027
0 0.163793 0.503 0.14191 0.016
0 0.364058 0.268 0.136605 0.018
0 0.165782 0.5315 0.145889 0.015
0 0.175729 0.562 0.16313 0.016
0 0.182361 0.4725 0.18435 0.017
0 0.311008 0.7225 0.449602 0.029
0 0.419098 0.64 0.236074 0.018
