0 0.276903 0.8605 0.259843 0.023
0 0.104331 0.761 0.0328084 0.012
0 0.274934 0.8245 0.295276 0.095
0 0.369423 0.2635 0.0511811 0.017
0 0.162073 0.2585 0.14042 0.017
0 0.68832 0.267 0.0538058 0.016
0 0.385171 0.3905 0.0931759 0.017
0 0.190289 0.3855 0.194226 0.017
0 0.549213 0.725 0.127297 0.014
0 0.449475 0.348 0.224409 0.02
0 0.162073 0.301 0.14042 0.018
0 0.546588 0.308 0.413386 0.022
0 0.621391 0.7665 0.276903 0.049
0 0.568241 0.496 0.475066 0.15
0 0.18832 0.4285 0.198163 0.017
0 0.172572 0.3435 0.158793 0.017
0 0.15748 0.6015 0.149606 0.033
0 0.471129 0.1635 0.259843 0.019
