0 0.540682 0.3425 0.501312 0.023
0 0.549213 0.3295 0.471129 0.017
0 0.163386 0.599 0.019685 0.016
0 0.261155 0.545 0.112861 0.014
0 0.659449 0.5415 0.0328084 0.013
0 0.57021 0.369 0.520997 0.02
0 0.563648 0.542 0.0275591 0.012
0 0.753937 0.5525 0.0459318 0.013
0 0.333333 0.5565 0.0209974 0.013
0 0.790026 0.5525 0.0314961 0.013
0 0.330709 0.544 0.0288714 0.016
0 0.28937 0.5585 0.0538058 0.013
0 0.446194 0.5565 0.023622 0.011
0 0.224409 0.664 0.0314961 0.014
0 0.715879 0.553 0.0249344 0.01
0 0.392388 0.556 0.0734908 0.016
0 0.23294 0.559 0.0459318 0.014
0 0.615486 0.5415 0.0603675 0.015
0 0.39042 0.5435 0.0774278 0.015
0 0.66601 0.5535 0.0695538 0.015
0 0.718504 0.539 0.0695538 0.014
0 0.499344 0.556 0.0748032 0.014
0 0.394357 0.1845 0.0643045 0.015
0 0.274278 0.663 0.0629921 0.014
0 0.454068 0.747 0.0498688 0.018
0 0.526247 0.542 0.0341207 0.014
0 0.810367 0.5385 0.0669291 0.015
0 0.583333 0.555 0.0774278 0.016
0 0.478346 0.5095 0.66273 0.031
0 0.738189 0.847 0.14042 0.02
0 0.470472 0.543 0.0616798 0.016
0 0.480315 0.5945 0.559055 0.021
0 0.654199 0.474 0.132546 0.018
0 0.404856 0.3045 0.465879 0.017
0 0.495407 0.7275 0.135171 0.017
0 0.23294 0.704 0.158793 0.016
0 0.388451 0.662 0.128609 0.016
0 0.252625 0.3725 0.0958005 0.015
0 0.222441 0.73 0.137795 0.016
0 0.364173 0.2115 0.119423 0.015
0 0.205381 0.2795 0.111549 0.015
0 0.284121 0.6365 0.122047 0.017
0 0.493438 0.116 0.215223 0.018
0 0.251312 0.332 0.0958005 0.016
0 0.213911 0.2135 0.136483 0.015
0 0.326115 0.386 0.250656 0.018
0 0.269685 0.7495 0.21916 0.017
0 0.525591 0.4765 0.0984252 0.015
0 0.214567 0.1865 0.135171 0.015
0 0.563648 0.428 0.190289 0.06
0 0.493438 0.089 0.304462 0.018
0 0.320866 0.239 0.255906 0.018
