0 0.892348 0.8275 0.0285344 0.011
0 0.387808 0.7085 0.0285344 0.011
0 0.581064 0.7095 0.0363165 0.013
0 0.0966278 0.079 0.0453956 0.014
0 0.616732 0.6095 0.0350195 0.013
0 0.0946822 0.712 0.0415045 0.012
0 0.103113 0.527 0.0350195 0.012
0 0.461738 0.828 0.0285344 0.012
0 0.190661 0.61 0.0337224 0.012
0 0.0953307 0.4265 0.0350195 0.013
0 0.154994 0.0785 0.0635538 0.015
0 0.116732 0.761 0.0856031 0.012
0 0.531777 0.661 0.0674449 0.012
0 0.407263 0.677 0.0648508 0.012
0 0.133593 0.7785 0.114137 0.013
0 0.100519 0.696 0.0479896 0.012
0 0.143969 0.795 0.13489 0.012
0 0.118029 0.845 0.0881971 0.012
0 0.120623 0.744 0.0907912 0.014
0 0.116732 0.1995 0.0907912 0.015
0 0.406615 0.6935 0.0635538 0.013
0 0.546044 0.8445 0.0959793 0.013
0 0.409857 0.661 0.0700389 0.012
0 0.549287 0.8785 0.105058 0.013
0 0.118029 0.879 0.0881971 0.012
0 0.540208 0.9115 0.0843061 0.013
0 0.52594 0.762 0.0583658 0.012
0 0.564851 0.594 0.133593 0.014
0 0.549287 0.395 0.0998703 0.012
0 0.108949 0.5775 0.0700389 0.013
0 0.100519 0.5945 0.0505837 0.011
0 0.127756 0.678 0.102464 0.012
0 0.752918 0.9485 0.159533 0.023
0 0.404669 0.1455 0.64332 0.027
0 0.151751 0.3955 0.145266 0.011
0 0.564202 0.7775 0.129702 0.013
0 0.119326 0.285 0.0933852 0.014
0 0.336576 0.06 0.538262 0.022
0 0.537614 0.7945 0.079118 0.011
0 0.176394 0.4945 0.197147 0.015
0 0.590143 0.427 0.181582 0.014
0 0.162776 0.3775 0.180285 0.013
0 0.210117 0.231 0.272374 0.024
0 0.12192 0.9125 0.0959793 0.013
0 0.188716 0.66 0.232166 0.016
0 0.16537 0.112 0.185473 0.018
0 0.402075 0.3105 0.640726 0.037
