0 0.107612 0.253 0.0551181 0.012
0 0.0990814 0.7845 0.0275591 0.013
0 0.100394 0.8005 0.0275591 0.013
0 0.13189 0.786 0.0301837 0.012
0 0.379921 0.6825 0.560367 0.019
0 0.398294 0.508 0.374016 0.032
0 0.368766 0.709 0.566929 0.018
0 0.110892 0.4175 0.0590551 0.013
0 0.528215 0.209 0.0406824 0.014
0 0.104331 0.3615 0.0485564 0.013
0 0.773622 0.464 0.111549 0.018
0 0.540682 0.249 0.0577428 0.012
0 0.111549 0.307 0.0577428 0.014
0 0.679134 0.1985 0.213911 0.019
0 0.275591 0.51 0.246719 0.03
0 0.782808 0.431 0.119423 0.02
0 0.213911 0.245 0.115486 0.018
0 0.46916 0.5625 0.594488 0.033
0 0.146325 0.7535 0.122047 0.013
0 0.646325 0.2415 0.119423 0.017
0 0.129921 0.4715 0.0971129 0.015
0 0.425197 0.299 0.532808 0.02
0 0.358268 0.4655 0.225722 0.017
0 0.177822 0.879 0.145669 0.014
0 0.292651 0.356 0.288714 0.02
0 0.434383 0.1285 0.328084 0.031
0 0.430446 0.082 0.286089 0.042
0 0.274278 0.404 0.238845 0.02
0 0.644357 0.8095 0.272966 0.139
