0 0.557087 0.275 0.686352 0.022
0 0.415354 0.3655 0.828084 0.031
0 0.446194 0.496 0.892388 0.05
0 0.488845 0.14 0.738845 0.022
0 0.480315 0.304 0.0498688 0.016
0 0.239501 0.304 0.119423 0.016
0 0.76706 0.7465 0.0853018 0.017
0 0.454068 0.221 0.244094 0.018
0 0.700131 0.3045 0.0485564 0.015
0 0.0570866 0.167 0.0695538 0.016
0 0.582677 0.303 0.102362 0.02
0 0.798556 0.302 0.0721785 0.018
0 0.62336 0.113 0.110236 0.016
0 0.0846457 0.2495 0.124672 0.017
0 0.782808 0.1125 0.195538 0.019
0 0.085958 0.3045 0.127297 0.017
0 0.22769 0.1675 0.232283 0.021
0 0.316929 0.112 0.389764 0.022
0 0.453412 0.1665 0.0774278 0.017
0 0.106955 0.277 0.177165 0.018
0 0.824147 0.066 0.0708661 0.042
0 0.137139 0.3335 0.253281 0.019
0 0.37664 0.333 0.178478 0.02
0 0.593176 0.167 0.128609 0.018
0 0.494094 0.5525 0.169291 0.049
0 0.773622 0.7865 0.106299 0.049
0 0.291339 0.2495 0.183727 0.021
