0 0.104987 0.2275 0.015748 0.015
0 0.132546 0.2 0.0131234 0.01
0 0.844488 0.3035 0.0170604 0.011
0 0.924541 0.7475 0.0144357 0.009
0 0.848425 0.057 0.0459318 0.014
0 0.392388 0.717 0.0367454 0.014
0 0.156824 0.715 0.0406824 0.012
0 0.351706 0.7165 0.0367454 0.013
0 0.295276 0.717 0.0393701 0.012
0 0.104987 0.213 0.015748 0.014
0 0.486877 0.218 0.015748 0.012
0 0.486877 0.203 0.015748 0.014
0 0.761811 0.342 0.0223097 0.012
0 0.486877 0.2445 0.015748 0.015
0 0.667323 0.799 0.0380577 0.012
0 0.19685 0.7155 0.0393701 0.013
0 0.494094 0.3395 0.0170604 0.013
0 0.104331 0.241 0.0170604 0.014
0 0.246719 0.283 0.0183727 0.012
0 0.696194 0.2215 0.332021 0.025
0 0.600394 0.6255 0.0643045 0.013
0 0.252625 0.7165 0.0301837 0.013
0 0.654856 0.302 0.023622 0.01
0 0.753937 0.303 0.0223097 0.01
0 0.0885827 0.742 0.0616798 0.014
0 0.207349 0.6355 0.0131234 0.011
0 0.2021 0.6215 0.0209974 0.011
0 0.56168 0.341 0.023622 0.012
0 0.835302 0.358 0.0301837 0.012
0 0.489501 0.7175 0.0419948 0.013
0 0.448819 0.7175 0.0341207 0.013
0 0.340551 0.339 0.0223097 0.012
0 0.565617 0.3555 0.0262467 0.013
0 0.131234 0.8655 0.102362 0.015
0 0.0892388 0.154 0.0498688 0.014
0 0.66601 0.7725 0.0433071 0.013
0 0.341207 0.354 0.0288714 0.012
0 0.833333 0.344 0.023622 0.012
0 0.30643 0.2845 0.0774278 0.013
0 0.308399 0.299 0.0761155 0.012
0 0.57021 0.718 0.0459318 0.012
0 0.492126 0.355 0.0288714 0.012
0 0.66601 0.818 0.0538058 0.026
0 0.666667 0.7195 0.0419948 0.013
0 0.0958005 0.1825 0.0629921 0.013
0 0.76378 0.3575 0.0314961 0.011
0 0.0905512 0.7685 0.0682415 0.011
0 0.110236 0.051 0.115486 0.028
0 0.116798 0.635 0.0629921 0.012
0 0.601706 0.638 0.0616798 0.014
0 0.667979 0.679 0.0393701 0.012
0 0.290026 0.216 0.291339 0.018
0 0.641076 0.2875 0.0511811 0.013
0 0.10958 0.8475 0.114173 0.013
0 0.0918635 0.2655 0.0603675 0.013
0 0.694226 0.2045 0.328084 0.015
0 0.209974 0.2285 0.11811 0.015
0 0.752625 0.6795 0.0643045 0.013
0 0.840551 0.6795 0.0643045 0.013
0 0.118766 0.6205 0.0643045 0.011
0 0.620079 0.247 0.182415 0.018
0 0.666667 0.7465 0.0419948 0.013
0 0.213255 0.242 0.124672 0.014
0 0.837927 0.289 0.0669291 0.012
0 0.757218 0.9045 0.136483 0.021
0 0.681102 0.343 0.0918635 0.016
0 0.569554 0.8505 0.104987 0.011
0 0.361549 0.676 0.216535 0.016
0 0.658793 0.2705 0.12336 0.013
0 0.432415 0.34 0.0485564 0.014
0 0.475066 0.134 0.0551181 0.016
0 0.112861 0.321 0.131234 0.014
0 0.239501 0.1715 0.279528 0.015
0 0.293307 0.1995 0.308399 0.015
0 0.15748 0.2835 0.133858 0.015
0 0.603018 0.6095 0.129921 0.013
0 0.409449 0.2995 0.107612 0.015
0 0.145669 0.1295 0.128609 0.015
0 0.74147 0.288 0.0656168 0.014
0 0.143701 0.605 0.187664 0.014
0 0.798556 0.1375 0.129921 0.015
0 0.146325 0.3775 0.17979 0.015
0 0.259843 0.338 0.0944882 0.014
0 0.473097 0.5845 0.242782 0.015
0 0.471785 0.082 0.363517 0.048
0 0.489501 0.462 0.808399 0.114
