0 0.412451 0.555 0.0492866 0.012
0 0.473411 0.5645 0.0570687 0.013
0 0.4131 0.5625 0.0557717 0.013
0 0.476654 0.554 0.0609598 0.016
0 0.618029 0.403 0.0583658 0.014
0 0.668612 0.4035 0.0272374 0.013
0 0.613489 0.417 0.0674449 0.014
0 0.793126 0.5025 0.120623 0.015
0 0.284695 0.5775 0.0402075 0.013
0 0.799611 0.5695 0.0894942 0.021
0 0.267185 0.358 0.077821 0.016
0 0.285344 0.5625 0.0415045 0.013
0 0.453956 0.501 0.124514 0.028
0 0.162776 0.576 0.0946822 0.016
0 0.2607 0.3435 0.0933852 0.013
0 0.473411 0.5765 0.0596628 0.013
0 0.613489 0.388 0.0674449 0.014
0 0.136187 0.3595 0.129702 0.015
0 0.138781 0.345 0.137484 0.014
0 0.262646 0.3285 0.0869001 0.015
0 0.136187 0.3305 0.132296 0.015
0 0.119974 0.153 0.105058 0.016
0 0.136835 0.109 0.136187 0.018
0 0.319715 0.391 0.105058 0.014
0 0.790532 0.916 0.162127 0.026
0 0.157588 0.0515 0.175097 0.019
0 0.559014 0.101 0.490272 0.018
0 0.364462 0.419 0.189364 0.014
0 0.815824 0.024 0.129702 0.018
0 0.474708 0.1465 0.287938 0.017
0 0.136187 0.3165 0.127108 0.015
0 0.143969 0.1815 0.153048 0.017
0 0.640726 0.029 0.124514 0.016
0 0.264591 0.3135 0.0856031 0.015
0 0.357328 0.405 0.188067 0.016
0 0.163424 0.2245 0.194553 0.017
0 0.399481 0.177 0.132296 0.016
0 0.157588 0.5045 0.0946822 0.029
0 0.463035 0.2325 0.277562 0.043
