0 0.0971129 0.7685 0.0262467 0.011
0 0.624016 0.2425 0.0249344 0.013
0 0.535433 0.4705 0.0183727 0.013
0 0.584646 0.13 0.0249344 0.014
0 0.62664 0.268 0.0275591 0.014
0 0.633858 0.1285 0.023622 0.013
0 0.48294 0.22 0.0971129 0.014
0 0.67979 0.431 0.0262467 0.014
0 0.517717 0.7105 0.0380577 0.015
0 0.406824 0.476 0.0971129 0.02
0 0.436352 0.386 0.14042 0.014
0 0.597113 0.219 0.0761155 0.012
0 0.248031 0.6895 0.0997375 0.015
0 0.202756 0.1855 0.0590551 0.015
0 0.637795 0.7585 0.0551181 0.015
0 0.516404 0.673 0.0406824 0.014
0 0.254593 0.7785 0.102362 0.019
0 0.356955 0.2475 0.0734908 0.011
0 0.161417 0.1365 0.0656168 0.015
0 0.255249 0.752 0.106299 0.016
0 0.129265 0.7555 0.0905512 0.017
0 0.641732 0.5195 0.104987 0.017
0 0.486877 0.2695 0.104987 0.017
0 0.484252 0.2445 0.107612 0.017
0 0.629921 0.6995 0.0971129 0.027
0 0.11811 0.3775 0.0892388 0.015
0 0.639108 0.4065 0.107612 0.015
0 0.642388 0.57 0.106299 0.016
0 0.635171 0.3815 0.115486 0.015
0 0.111549 0.1885 0.0761155 0.017
0 0.383858 0.2605 0.103675 0.015
0 0.490814 0.2065 0.0866142 0.015
0 0.356299 0.159 0.316273 0.018
0 0.330709 0.707 0.170604 0.032
0 0.614173 0.205 0.0813648 0.014
0 0.110236 0.303 0.0708661 0.014
0 0.251969 0.7285 0.110236 0.017
0 0.135827 0.7175 0.106299 0.015
0 0.138451 0.2505 0.127297 0.017
0 0.197507 0.2745 0.261155 0.019
0 0.546588 0.761 0.0931759 0.016
0 0.734908 0.824 0.139108 0.02
0 0.396325 0.0995 0.272966 0.027
0 0.122703 0.163 0.10105 0.016
0 0.139764 0.679 0.111549 0.016
0 0.551837 0.786 0.10105 0.016
0 0.220472 0.224 0.299213 0.018
0 0.667979 0.7845 0.112861 0.015
0 0.41273 0.5235 0.106299 0.015
0 0.465223 0.4825 0.211286 0.023
0 0.159449 0.3895 0.17979 0.017
0 0.448163 0.442 0.17979 0.032
0 0.617454 0.6685 0.114173 0.029
0 0.456693 0.4095 0.2021 0.019
0 0.139764 0.4215 0.127297 0.027
0 0.295932 0.669 0.192913 0.034
0 0.137795 0.496 0.11811 0.03
0 0.438976 0.5795 0.156168 0.031
0 0.452756 0.371 0.191601 0.014
0 0.389764 0.3295 0.64042 0.037
0 0.144357 0.579 0.136483 0.04
