0 0.163386 0.6195 0.011811 0.009
0 0.675853 0.188 0.0734908 0.016
0 0.144357 0.8785 0.0918635 0.017
0 0.566273 0.6145 0.329396 0.021
0 0.448163 0.3895 0.0354331 0.015
0 0.524934 0.19 0.107612 0.018
0 0.237533 0.1915 0.0918635 0.017
0 0.367454 0.701 0.545932 0.02
0 0.788058 0.851 0.145669 0.02
0 0.58727 0.389 0.0669291 0.016
0 0.456037 0.105 0.156168 0.018
0 0.547244 0.442 0.293963 0.02
0 0.749344 0.6985 0.181102 0.017
0 0.332677 0.73 0.229659 0.018
0 0.75853 0.3835 0.246719 0.019
0 0.467848 0.2465 0.148294 0.017
0 0.198163 0.3935 0.246719 0.019
0 0.60105 0.53 0.430446 0.022
0 0.154856 0.253 0.154856 0.018
0 0.512467 0.585 0.240157 0.02
0 0.220472 0.5335 0.299213 0.017
0 0.160105 0.4515 0.154856 0.017
0 0.42126 0.758 0.404199 0.022
0 0.211942 0.592 0.269029 0.016
