0 0.412073 0.1945 0.015748 0.013
0 0.416667 0.4585 0.0144357 0.011
0 0.666667 0.1105 0.0787402 0.011
0 0.41601 0.4315 0.0209974 0.011
0 0.264436 0.376 0.271654 0.016
0 0.192913 0.1805 0.19685 0.015
0 0.597769 0.168 0.195538 0.014
0 0.267717 0.11 0.015748 0.01
0 0.115486 0.652 0.0314961 0.012
0 0.184383 0.1525 0.192913 0.015
0 0.115486 0.5695 0.0314961 0.015
0 0.226378 0.3465 0.216535 0.013
0 0.117454 0.7355 0.0328084 0.015
0 0.568241 0.432 0.173228 0.014
0 0.0918635 0.8045 0.0472441 0.015
0 0.574803 0.181 0.183727 0.014
0 0.492126 0.5415 0.0419948 0.013
0 0.19357 0.111 0.0774278 0.01
0 0.638451 0.096 0.339895 0.014
0 0.333333 0.111 0.0524934 0.012
0 0.111549 0.2515 0.110236 0.015
0 0.263123 0.706 0.0774278 0.018
0 0.162073 0.624 0.127297 0.014
0 0.175197 0.459 0.156168 0.012
0 0.610892 0.209 0.282152 0.016
0 0.183727 0.4455 0.186352 0.013
0 0.139764 0.417 0.0879265 0.012
0 0.528215 0.514 0.0406824 0.014
0 0.265092 0.361 0.275591 0.014
0 0.596457 0.4445 0.240157 0.015
0 0.23294 0.403 0.274278 0.016
0 0.115486 0.054 0.125984 0.014
0 0.32021 0.1375 0.459318 0.017
0 0.497375 0.251 0.574803 0.018
0 0.543963 0.4595 0.129921 0.013
0 0.525591 0.2235 0.0931759 0.013
0 0.48622 0.1105 0.0748032 0.013
0 0.237533 0.223 0.293963 0.018
0 0.150919 0.334 0.110236 0.014
0 0.144357 0.7625 0.0839895 0.015
0 0.144357 0.195 0.102362 0.014
0 0.431759 0.306 0.0656168 0.014
0 0.141732 0.6795 0.0839895 0.015
0 0.494094 0.708 0.0406824 0.014
0 0.276903 0.5415 0.107612 0.013
0 0.565617 0.1945 0.170604 0.015
0 0.432415 0.067 0.274278 0.016
0 0.810367 0.8565 0.153543 0.023
0 0.645669 0.514 0.0761155 0.016
0 0.540026 0.417 0.116798 0.014
0 0.224409 0.0955 0.120735 0.013
0 0.152887 0.514 0.111549 0.014
0 0.570866 0.154 0.175853 0.016
0 0.190945 0.1675 0.192913 0.015
0 0.229003 0.472 0.287402 0.016
0 0.345144 0.5135 0.102362 0.017
0 0.180446 0.2085 0.182415 0.015
0 0.125328 0.279 0.135171 0.016
0 0.213911 0.4295 0.233596 0.015
0 0.163386 0.5965 0.127297 0.015
0 0.222441 0.3055 0.255906 0.015
