0 0.0807087 0.3755 0.0170604 0.013
0 0.423885 0.441 0.401575 0.02
0 0.114829 0.2375 0.0249344 0.017
0 0.0813648 0.418 0.0183727 0.012
0 0.0813648 0.236 0.0288714 0.012
0 0.709318 0.113 0.0643045 0.01
0 0.0826772 0.636 0.0183727 0.012
0 0.0833333 0.609 0.0170604 0.012
0 0.500656 0.49 0.717848 0.034
0 0.438976 0.344 0.607612 0.016
0 0.742126 0.0585 0.0380577 0.011
0 0.562336 0.134 0.0249344 0.012
0 0.824803 0.195 0.143045 0.014
0 0.082021 0.528 0.019685 0.012
0 0.0813648 0.473 0.0183727 0.01
0 0.756562 0.196 0.0223097 0.014
0 0.082021 0.584 0.019685 0.012
0 0.633202 0.0865 0.0301837 0.011
0 0.564304 0.0485 0.023622 0.011
0 0.0807087 0.2745 0.0223097 0.013
0 0.723753 0.8535 0.0406824 0.011
0 0.276247 0.3455 0.350394 0.015
0 0.548556 0.4635 0.524934 0.019
0 0.344488 0.2745 0.0275591 0.015
0 0.284121 0.234 0.0826772 0.014
0 0.0734908 0.1365 0.0262467 0.013
0 0.850394 0.322 0.0314961 0.01
0 0.594488 0.602 0.52231 0.02
0 0.568241 0.7875 0.023622 0.013
0 0.0807087 0.4455 0.0223097 0.013
0 0.181102 0.2515 0.125984 0.013
0 0.812336 0.3225 0.0288714 0.011
0 0.636483 0.172 0.0288714 0.01
0 0.799213 0.1695 0.0341207 0.011
0 0.797244 0.307 0.0590551 0.014
0 0.12664 0.6905 0.0616798 0.013
0 0.0774278 0.316 0.0314961 0.014
0 0.793307 0.0845 0.0354331 0.009
0 0.184383 0.235 0.116798 0.014
0 0.572178 0.8175 0.023622 0.013
0 0.200131 0.4175 0.0564304 0.015
0 0.393701 0.3265 0.0997375 0.011
0 0.726378 0.1825 0.0275591 0.011
0 0.114173 0.4455 0.0393701 0.013
0 0.55315 0.19 0.0406824 0.012
0 0.729659 0.044 0.333333 0.014
0 0.138451 0.376 0.0984252 0.014
0 0.148294 0.4725 0.115486 0.015
0 0.700131 0.8645 0.242782 0.017
0 0.46916 0.5765 0.308399 0.019
0 0.181102 0.582 0.175853 0.014
0 0.555118 0.1045 0.0498688 0.013
0 0.633202 0.188 0.0774278 0.012
0 0.246719 0.1925 0.107612 0.011
0 0.218504 0.276 0.271654 0.018
0 0.717192 0.0985 0.224409 0.019
0 0.851706 0.754 0.107612 0.018
0 0.290026 0.3135 0.377953 0.017
0 0.132546 0.4185 0.0761155 0.013
0 0.260499 0.7965 0.46063 0.029
0 0.16273 0.6355 0.146982 0.015
0 0.358924 0.4145 0.237533 0.017
0 0.189633 0.609 0.187664 0.012
0 0.811024 0.6785 0.178478 0.143
0 0.696194 0.13 0.190289 0.018
0 0.454068 0.272 0.0944882 0.016
0 0.704068 0.157 0.203412 0.018
0 0.700787 0.0725 0.199475 0.017
0 0.189633 0.527 0.213911 0.016
0 0.694882 0.82 0.237533 0.052
0 0.616798 0.528 0.527559 0.04
0 0.823491 0.8865 0.153543 0.013
0 0.66273 0.7595 0.220472 0.015
0 0.551181 0.3775 0.677165 0.041
0 0.731627 0.7845 0.261155 0.017
0 0.427822 0.647 0.217848 0.044
0 0.265092 0.155 0.341207 0.06
0 0.654856 0.2745 0.183727 0.131
0 0.173885 0.069 0.26378 0.078
