0 0.371595 0.1485 0.0324254 0.013
0 0.2393 0.919 0.0972763 0.014
0 0.259403 0.551 0.119326 0.016
0 0.361219 0.8685 0.0687419 0.015
0 0.817769 0.976 0.172503 0.026
0 0.501945 0.3055 0.215305 0.017
0 0.418288 0.621 0.0713359 0.014
0 0.509728 0.108 0.199741 0.018
0 0.815824 0.217 0.103761 0.026
0 0.397536 0.209 0.0843061 0.014
0 0.264591 0.205 0.106355 0.014
0 0.509728 0.078 0.352789 0.018
0 0.645266 0.3955 0.538262 0.021
0 0.4131 0.1795 0.120623 0.015
0 0.824254 0.144 0.214008 0.03
0 0.461738 0.6655 0.155642 0.015
0 0.327497 0.9315 0.07393 0.037
0 0.452659 0.591 0.277562 0.018
0 0.398833 0.252 0.141375 0.016
0 0.472114 0.3725 0.176394 0.017
0 0.819066 0.183 0.120623 0.022
0 0.245785 0.8445 0.128405 0.015
0 0.488327 0.2845 0.20882 0.017
0 0.271077 0.1765 0.119326 0.015
0 0.474708 0.3505 0.176394 0.017
0 0.550584 0.329 0.320363 0.02
0 0.465629 0.644 0.16083 0.014
