0 0.532051 0.4945 0.14359 0.017
0 0.392308 0.7375 0.1 0.021
0 0.398718 0.7715 0.0589744 0.019
0 0.34359 0.7755 0.025641 0.011
0 0.10641 0.8965 0.0358974 0.021
0 0.616667 0.2675 0.0179487 0.019
0 0.316026 0.738 0.0192308 0.01
0 0.785256 0.7965 0.10641 0.029
0 0.676923 0.264 0.0846154 0.018
0 0.317308 0.702 0.0217949 0.012
0 0.771795 0.7565 0.105128 0.035
0 0.767308 0.833 0.0782051 0.02
0 0.386538 0.7255 0.183333 0.033
0 0.778205 0.782 0.0512821 0.016
0 0.34359 0.702 0.0205128 0.012
0 0.778205 0.818 0.0538462 0.018
0 0.778205 0.7075 0.0538462 0.019
0 0.521795 0.8315 0.212821 0.053
0 0.271795 0.876 0.148718 0.026
0 0.780128 0.7445 0.0576923 0.017
0 0.162821 0.686 0.151282 0.018
0 0.853205 0.0745 0.0602564 0.015
0 0.111538 0.4405 0.115385 0.015
0 0.391026 0.701 0.0538462 0.016
0 0.339103 0.4575 0.108974 0.019
0 0.804487 0.4355 0.257692 0.027
0 0.523718 0.3565 0.732051 0.055
0 0.399359 0.7605 0.208974 0.039
0 0.309615 0.2235 0.426923 0.047
0 0.880769 0.934 0.164103 0.022
0 0.878846 0.573 0.10641 0.02
0 0.746795 0.724 0.111538 0.032
0 0.542949 0.8 0.147436 0.036
0 0.137821 0.8755 0.098718 0.021
0 0.514744 0.633 0.10641 0.016
0 0.776923 0.854 0.0538462 0.018
0 0.665385 0.5345 0.0717949 0.015
0 0.369231 0.8475 0.130769 0.019
0 0.580769 0.5045 0.24359 0.033
0 0.879487 0.468 0.107692 0.018
0 0.889744 0.492 0.0820513 0.018
0 0.666667 0.1855 0.112821 0.021
0 0.608333 0.5515 0.285897 0.017
0 0.116026 0.4565 0.124359 0.015
0 0.341026 0.4735 0.105128 0.015
0 0.737179 0.9305 0.112821 0.015
0 0.179487 0.1095 0.151282 0.021
0 0.157051 0.7235 0.142308 0.019
0 0.277564 0.067 0.0858974 0.018
0 0.157051 0.138 0.101282 0.022
0 0.144872 0.3075 0.0974359 0.023
0 0.528205 0.116 0.510256 0.022
0 0.155769 0.7605 0.139744 0.019
0 0.732692 0.902 0.101282 0.016
0 0.157692 0.7965 0.138462 0.019
0 0.303205 0.1845 0.403846 0.023
0 0.764103 0.2175 0.330769 0.031
0 0.367949 0.811 0.128205 0.016
0 0.340385 0.488 0.103846 0.016
0 0.587179 0.469 0.266667 0.024
0 0.149359 0.489 0.19359 0.018
0 0.860897 0.6325 0.142308 0.019
0 0.530769 0.5355 0.135897 0.019
0 0.56859 0.444 0.216667 0.02
0 0.375 0.141 0.234615 0.018
0 0.667308 0.072 0.208974 0.024
0 0.383974 0.68 0.211538 0.05
0 0.53141 0.575 0.142308 0.018
0 0.592949 0.9035 0.129487 0.021
0 0.275641 0.2645 0.351282 0.023
0 0.157051 0.833 0.139744 0.02
0 0.132051 0.472 0.164103 0.016
0 0.517949 0.029 0.292308 0.026
0 0.783974 0.6825 0.098718 0.035
0 0.602564 0.9335 0.138462 0.021
0 0.335897 0.9065 0.266667 0.053
