0 0.768483 0.4175 0.0869001 0.015
0 0.40013 0.594 0.271077 0.016
0 0.523346 0.24 0.0142672 0.018
0 0.325551 0.834 0.108949 0.016
0 0.33917 0.5035 0.107652 0.057
0 0.232815 0.6245 0.398184 0.019
0 0.601167 0.122 0.491569 0.022
0 0.290532 0.8785 0.153048 0.019
0 0.35214 0.455 0.102464 0.034
0 0.128405 0.8785 0.0311284 0.013
0 0.512322 0.3295 0.518807 0.025
0 0.819066 0.2395 0.0920882 0.019
0 0.768483 0.432 0.123217 0.018
0 0.400778 0.5795 0.0285344 0.013
0 0.3262 0.5805 0.0557717 0.013
0 0.477951 0.492 0.118029 0.016
0 0.655642 0.093 0.0298314 0.014
0 0.157588 0.8625 0.0920882 0.015
0 0.318418 0.5655 0.0505837 0.015
0 0.592737 0.788 0.0466926 0.016
0 0.595331 0.818 0.0466926 0.016
0 0.593385 0.7585 0.0453956 0.015
0 0.256161 0.5805 0.0557717 0.013
0 0.154345 0.3005 0.077821 0.015
0 0.32166 0.9045 0.217899 0.029
0 0.584955 0.8785 0.108949 0.017
0 0.153696 0.951 0.0817121 0.016
0 0.594034 0.6995 0.0440986 0.015
0 0.742542 0.0925 0.0505837 0.017
0 0.162776 0.4025 0.0998703 0.017
0 0.592737 0.729 0.0440986 0.016
0 0.737354 0.907 0.0609598 0.016
0 0.161479 0.182 0.0894942 0.018
0 0.749676 0.6975 0.0856031 0.019
0 0.767834 0.4915 0.12192 0.019
0 0.560311 0.241 0.075227 0.014
0 0.767834 0.5945 0.137484 0.021
0 0.178988 0.818 0.127108 0.016
0 0.33463 0.152 0.435798 0.02
0 0.309987 0.241 0.077821 0.014
0 0.173152 0.759 0.120623 0.016
0 0.398833 0.1825 0.320363 0.021
0 0.192607 0.528 0.156939 0.034
0 0.27821 0.863 0.136187 0.016
0 0.433204 0.2415 0.0856031 0.015
0 0.174449 0.1225 0.120623 0.017
0 0.600519 0.2105 0.171206 0.019
0 0.235409 0.092 0.0843061 0.018
0 0.447471 0.1215 0.389105 0.019
0 0.754864 0.653 0.142672 0.02
0 0.867056 0.949 0.164721 0.024
0 0.185473 0.493 0.137484 0.018
0 0.172503 0.789 0.116732 0.016
0 0.173152 0.729 0.120623 0.016
0 0.354086 0.699 0.168612 0.018
0 0.340467 0.8145 0.211414 0.045
0 0.759403 0.8775 0.22179 0.019
0 0.539559 0.5515 0.246433 0.017
0 0.177691 0.699 0.129702 0.016
0 0.603113 0.2705 0.178988 0.017
0 0.522698 0.5055 0.191959 0.023
0 0.492218 0.077 0.229572 0.018
0 0.472114 0.536 0.108949 0.016
0 0.609598 0.536 0.114137 0.016
0 0.767834 0.4615 0.132296 0.017
0 0.542802 0.403 0.24773 0.018
0 0.545396 0.4625 0.252918 0.019
0 0.593385 0.908 0.125811 0.016
0 0.508431 0.4325 0.1738 0.017
0 0.188067 0.463 0.14786 0.018
0 0.764591 0.815 0.172503 0.036
0 0.209468 0.433 0.19585 0.018
0 0.285992 0.212 0.351492 0.02
0 0.509079 0.655 0.167315 0.018
0 0.18677 0.241 0.140078 0.018
0 0.256809 0.2705 0.28275 0.021
