0 0.755512 0.214 0.0194553 0.012
0 0.778859 0.2135 0.0220493 0.013
0 0.594034 0.491 0.0337224 0.018
0 0.649157 0.87 0.0920882 0.018
0 0.724384 0.213 0.0324254 0.014
0 0.554475 0.8275 0.0453956 0.017
0 0.545396 0.301 0.0298314 0.014
0 0.55642 0.7995 0.0466926 0.015
0 0.258755 0.3875 0.0635538 0.019
0 0.555772 0.769 0.0453956 0.018
0 0.545396 0.3305 0.0324254 0.015
0 0.55642 0.7405 0.0466926 0.015
0 0.658885 0.14 0.0285344 0.014
0 0.0784695 0.871 0.0324254 0.012
0 0.478599 0.1115 0.274968 0.017
0 0.410506 0.6515 0.0998703 0.017
0 0.557717 0.7115 0.0466926 0.013
0 0.814527 0.301 0.0622568 0.018
0 0.761349 0.139 0.0570687 0.018
0 0.829442 0.266 0.0920882 0.026
0 0.105707 0.856 0.079118 0.014
0 0.409209 0.271 0.0869001 0.018
0 0.6738 0.3015 0.149157 0.019
0 0.815824 0.3305 0.0622568 0.019
0 0.176394 0.1395 0.0856031 0.017
0 0.203632 0.653 0.285344 0.02
0 0.751621 0.448 0.110246 0.018
0 0.518158 0.902 0.120623 0.016
0 0.12192 0.768 0.119326 0.016
0 0.246433 0.8425 0.103761 0.015
0 0.53048 0.8725 0.108949 0.017
0 0.116083 0.3735 0.0972763 0.017
0 0.540856 0.265 0.0648508 0.03
0 0.108301 0.9285 0.0894942 0.017
0 0.749027 0.5355 0.136187 0.019
0 0.134241 0.213 0.125811 0.016
0 0.272374 0.416 0.0933852 0.02
0 0.222438 0.6225 0.0609598 0.017
0 0.276913 0.476 0.0817121 0.02
0 0.511025 0.3735 0.267185 0.019
0 0.683528 0.2725 0.0959793 0.017
0 0.749676 0.419 0.127108 0.018
0 0.229572 0.8865 0.132296 0.015
0 0.624514 0.9015 0.0531777 0.017
0 0.227626 0.857 0.120623 0.014
0 0.121271 0.4165 0.110246 0.017
0 0.1738 0.2715 0.080415 0.017
0 0.185473 0.3005 0.220493 0.019
0 0.136835 0.3895 0.146563 0.015
0 0.241245 0.871 0.140078 0.016
0 0.409209 0.3005 0.156939 0.019
0 0.751621 0.389 0.115434 0.018
0 0.256161 0.446 0.0817121 0.02
0 0.125162 0.827 0.125811 0.016
0 0.503891 0.5015 0.239948 0.027
0 0.570687 0.2135 0.261997 0.019
0 0.123865 0.739 0.115434 0.016
0 0.812581 0.93 0.159533 0.024
0 0.206226 0.168 0.290532 0.018
0 0.160182 0.638 0.198444 0.018
0 0.655642 0.711 0.120623 0.03
0 0.671855 0.33 0.153048 0.018
0 0.418936 0.6375 0.261997 0.023
0 0.126459 0.7105 0.128405 0.017
0 0.473411 0.39 0.1738 0.016
0 0.442931 0.5345 0.120623 0.019
0 0.643969 0.7375 0.118029 0.027
0 0.737354 0.5805 0.141375 0.019
0 0.494163 0.418 0.228275 0.02
0 0.13489 0.4465 0.132296 0.019
0 0.271077 0.9015 0.202335 0.021
0 0.303502 0.716 0.223087 0.036
0 0.140078 0.4745 0.155642 0.019
0 0.122568 0.7975 0.11284 0.015
0 0.475357 0.169 0.216602 0.02
0 0.407263 0.33 0.153048 0.018
0 0.787938 0.067 0.273671 0.106
0 0.477302 0.0955 0.298314 0.017
0 0.339818 0.744 0.316472 0.042
0 0.121271 0.6225 0.11284 0.017
0 0.163424 0.33 0.168612 0.02
0 0.289883 0.213 0.156939 0.018
0 0.472763 0.586 0.177691 0.032
0 0.48703 0.4545 0.201038 0.031
0 0.215305 0.2415 0.298314 0.019
0 0.212711 0.5545 0.332036 0.109
