0 0.133202 0.488 0.0380577 0.016
0 0.760499 0.4395 0.0301837 0.015
0 0.146982 0.516 0.0708661 0.018
0 0.600394 0.4375 0.0433071 0.015
0 0.139108 0.46 0.0472441 0.016
0 0.817585 0.331 0.0498688 0.016
0 0.156824 0.25 0.0748032 0.016
0 0.774278 0.064 0.133858 0.018
0 0.173885 0.2945 0.114173 0.017
0 0.189633 0.351 0.150919 0.018
0 0.164042 0.1955 0.0918635 0.017
0 0.639764 0.328 0.187664 0.02
0 0.314304 0.4355 0.408136 0.019
0 0.188976 0.3785 0.146982 0.017
0 0.185039 0.406 0.139108 0.018
0 0.48622 0.114 0.413386 0.048
