0 0.25 0.6255 0.283163 0.019
0 0.963648 0.0135 0.0216837 0.013
0 0.0427296 0.4815 0.0369898 0.029
0 0.0465561 0.113 0.0293367 0.03
0 0.0389031 0.8445 0.0318878 0.029
0 0.744898 0.0835 0.0280612 0.013
0 0.825893 0.538 0.248724 0.036
0 0.510204 0.0545 0.0484694 0.015
0 0.24426 0.6435 0.304847 0.017
0 0.8125 0.0325 0.0841837 0.019
0 0.360969 0.3785 0.122449 0.015
0 0.346301 0.3615 0.0829082 0.013
0 0.161352 0.8095 0.13648 0.015
0 0.126913 0.3275 0.0625 0.013
0 0.826531 0.6015 0.168367 0.047
0 0.596301 0.459 0.0701531 0.014
0 0.377551 0.81 0.25 0.018
0 0.608418 0.477 0.0969388 0.014
0 0.131378 0.3445 0.0688775 0.013
0 0.140306 0.7335 0.102041 0.017
0 0.338648 0.3455 0.067602 0.013
0 0.351403 0.5515 0.103316 0.015
0 0.153699 0.5475 0.116071 0.015
0 0.611607 0.493 0.103316 0.014
0 0.601403 0.5105 0.0854592 0.015
0 0.125 0.3795 0.0637755 0.013
0 0.13074 0.5655 0.0701531 0.015
0 0.778061 0.4775 0.15051 0.015
0 0.193878 0.7 0.183673 0.016
0 0.890944 0.0825 0.0931122 0.019
0 0.809311 0.5115 0.205357 0.015
0 0.444515 0.1325 0.100765 0.017
0 0.151148 0.792 0.123724 0.016
0 0.102041 0.1295 0.0663265 0.015
0 0.265944 0.131 0.0727041 0.014
0 0.568878 0.7165 0.482143 0.019
0 0.34375 0.8265 0.200255 0.017
0 0.142857 0.3965 0.0918367 0.013
0 0.651786 0.107 0.216837 0.018
0 0.129464 0.429 0.0727041 0.014
0 0.40625 0.3945 0.202806 0.015
0 0.727041 0.4955 0.0510204 0.015
0 0.143495 0.827 0.110969 0.016
0 0.557398 0.6435 0.237245 0.031
0 0.170918 0.6835 0.170918 0.015
0 0.609056 0.5285 0.0931122 0.015
0 0.118622 0.4125 0.0561224 0.013
0 0.172194 0.3625 0.158163 0.015
0 0.475128 0.6855 0.28699 0.019
0 0.267857 0.104 0.403061 0.022
0 0.431122 0.591 0.262755 0.056
0 0.11352 0.7675 0.0969388 0.017
0 0.172194 0.4805 0.160714 0.015
0 0.191327 0.717 0.193878 0.018
0 0.123724 0.463 0.0663265 0.014
0 0.184949 0.599 0.242347 0.016
0 0.359694 0.794 0.221939 0.016
0 0.406888 0.4675 0.211735 0.015
0 0.146046 0.5225 0.151786 0.017
0 0.595026 0.4345 0.131378 0.017
0 0.40625 0.411 0.197704 0.014
0 0.808036 0.4615 0.210459 0.017
0 0.154337 0.6585 0.181122 0.017
0 0.405612 0.427 0.196429 0.016
0 0.396684 0.055 0.127551 0.018
0 0.170281 0.4475 0.167092 0.019
0 0.549107 0.0795 0.253827 0.017
0 0.401148 0.329 0.21301 0.016
0 0.137755 0.302 0.135204 0.016
0 0.647321 0.134 0.146684 0.018
0 0.90051 0.137 0.173469 0.018
0 0.211735 0.0785 0.285714 0.019
0 0.727041 0.923 0.346939 0.052
0 0.264668 0.1815 0.376276 0.055
