0 0.486148 0.9105 0.766491 0.019
0 0.412269 0.673 0.631926 0.03
0 0.420844 0.198 0.69657 0.038
0 0.941293 0.9145 0.030343 0.031
0 0.636544 0.375 0.0514512 0.014
0 0.168206 0.7425 0.109499 0.013
0 0.526385 0.5585 0.588391 0.019
0 0.635884 0.359 0.0527704 0.014
0 0.354222 0.3595 0.497361 0.017
0 0.136544 0.803 0.0488127 0.014
0 0.16095 0.4505 0.108179 0.013
0 0.484169 0.056 0.30343 0.024
0 0.715699 0.3745 0.0883905 0.015
0 0.486148 0.237 0.405013 0.022
0 0.156332 0.9415 0.0804749 0.013
0 0.279683 0.3755 0.211082 0.015
0 0.199208 0.7565 0.176781 0.015
0 0.168206 0.7275 0.114776 0.013
0 0.24934 0.6005 0.277045 0.019
0 0.603562 0.6105 0.426121 0.033
0 0.226253 0.2955 0.244063 0.021
0 0.188654 0.712 0.158311 0.016
0 0.166887 0.8345 0.109499 0.015
0 0.608839 0.3045 0.523747 0.035
0 0.490765 0.108 0.327177 0.09
