0 0.456693 0.4735 0.779528 0.025
0 0.709318 0.1555 0.0275591 0.011
0 0.232283 0.7395 0.220472 0.021
0 0.738845 0.1555 0.0262467 0.011
0 0.742782 0.044 0.173228 0.036
0 0.535433 0.593 0.83727 0.02
0 0.449475 0.5475 0.688976 0.023
0 0.431102 0.109 0.410761 0.018
0 0.60958 0.7155 0.114173 0.021
0 0.343832 0.522 0.472441 0.022
0 0.0479003 0.7675 0.0380577 0.015
0 0.818241 0.1555 0.0459318 0.011
0 0.0465879 0.623 0.0380577 0.014
0 0.819554 0.2425 0.0459318 0.013
0 0.0479003 0.8385 0.0354331 0.015
0 0.0472441 0.551 0.0367454 0.016
0 0.062336 0.817 0.0669291 0.016
0 0.724409 0.2425 0.0524934 0.011
0 0.0597113 0.601 0.0669291 0.016
0 0.0360892 0.2615 0.0459318 0.015
0 0.0492126 0.7965 0.0721785 0.017
0 0.484252 0.5075 0.0524934 0.015
0 0.0479003 0.6525 0.0695538 0.017
0 0.0492126 0.5805 0.0695538 0.017
0 0.0610236 0.746 0.0669291 0.018
0 0.0465879 0.6955 0.0380577 0.015
0 0.315617 0.69 0.452756 0.02
0 0.0603675 0.5285 0.0656168 0.017
0 0.0511811 0.203 0.0682415 0.016
0 0.0380577 0.1745 0.0419948 0.015
0 0.730971 0.5695 0.440945 0.023
0 0.0400262 0.4555 0.0511811 0.015
0 0.0498688 0.2905 0.0708661 0.015
0 0.787402 0.072 0.107612 0.016
0 0.486877 0.724 0.0524934 0.016
0 0.0485564 0.724 0.0734908 0.018
0 0.198819 0.0625 0.119423 0.019
0 0.766404 0.1385 0.16273 0.021
0 0.633858 0.146 0.0997375 0.016
0 0.484252 0.4565 0.0524934 0.015
0 0.343176 0.666 0.497375 0.02
0 0.0498688 0.507 0.0682415 0.016
0 0.486877 0.796 0.0551181 0.014
0 0.541339 0.261 0.106299 0.016
0 0.0603675 0.4775 0.0656168 0.015
0 0.472441 0.033 0.275591 0.022
0 0.209318 0.449 0.255906 0.022
0 0.635827 0.2325 0.103675 0.017
0 0.269685 0.8345 0.287402 0.023
0 0.0597113 0.674 0.0669291 0.016
0 0.849738 0.861 0.111549 0.014
0 0.225066 0.7895 0.248031 0.021
0 0.48622 0.58 0.0538058 0.014
0 0.228346 0.146 0.425197 0.018
0 0.540026 0.1745 0.106299 0.015
0 0.471785 0.011 0.282152 0.022
0 0.228346 0.719 0.204724 0.02
0 0.49147 0.2035 0.132546 0.017
0 0.687008 0.2005 0.25853 0.021
0 0.627953 0.789 0.171916 0.018
0 0.744751 0.0095 0.166667 0.019
0 0.450787 0.333 0.148294 0.018
0 0.604987 0.5025 0.112861 0.019
0 0.679134 0.448 0.324147 0.024
0 0.206693 0.572 0.224409 0.02
0 0.201444 0.5035 0.206037 0.019
0 0.597113 0.6465 0.112861 0.021
0 0.492126 0.2905 0.131234 0.017
0 0.441601 0.811 0.628609 0.022
0 0.195538 0.0335 0.194226 0.043
0 0.485564 0.6515 0.0551181 0.017
0 0.473097 0.0715 0.290026 0.021
0 0.129921 0.232 0.230971 0.018
0 0.487533 0.361 0.245407 0.02
0 0.204724 0.6475 0.257218 0.021
0 0.129265 0.3695 0.227034 0.019
0 0.252625 0.202 0.324147 0.022
0 0.36811 0.7615 0.497375 0.023
0 0.278215 0.6195 0.317585 0.021
0 0.200131 0.172 0.242782 0.018
