0 0.612861 0.0875 0.107612 0.011
0 0.48294 0.223 0.745407 0.04
0 0.173228 0.3525 0.133858 0.015
0 0.349738 0.841 0.237533 0.05
0 0.160105 0.823 0.115486 0.014
0 0.467848 0.0705 0.405512 0.047
0 0.18832 0.5875 0.182415 0.025
0 0.162073 0.311 0.124672 0.016
0 0.432415 0.8635 0.150919 0.015
0 0.465223 0.17 0.237533 0.016
0 0.219816 0.481 0.237533 0.016
0 0.16601 0.268 0.137795 0.016
0 0.203412 0.528 0.204724 0.026
0 0.202756 0.6505 0.211286 0.043
0 0.166667 0.4395 0.133858 0.015
0 0.190945 0.397 0.192913 0.016
0 0.213911 0.732 0.244094 0.044
