0 0.158491 0.686 0.110692 0.016
0 0.592453 0.2975 0.538365 0.031
0 0.121384 0.597 0.0339623 0.012
0 0.212579 0.7605 0.251572 0.019
0 0.208805 0.777 0.244025 0.018
0 0.189308 0.684 0.184906 0.044
0 0.716981 0.224 0.125786 0.016
0 0.142767 0.2215 0.0767296 0.015
0 0.537736 0.8485 0.0389937 0.015
0 0.779245 0.404 0.0490566 0.014
0 0.137736 0.4745 0.0691824 0.015
0 0.143396 0.848 0.0830189 0.016
0 0.140881 0.562 0.072956 0.014
0 0.144025 0.363 0.0767296 0.016
0 0.554717 0.6685 0.0754717 0.015
0 0.155346 0.142 0.101887 0.016
0 0.307547 0.4025 0.054088 0.015
0 0.779874 0.5305 0.0503145 0.015
0 0.788679 0.849 0.0679245 0.014
0 0.224528 0.8125 0.260377 0.019
0 0.169811 0.188 0.130818 0.018
0 0.567924 0.529 0.101887 0.016
0 0.332704 0.4735 0.0993711 0.017
0 0.161006 0.633 0.110692 0.018
0 0.772327 0.258 0.0779874 0.016
0 0.363522 0.1895 0.166038 0.019
0 0.739623 0.143 0.090566 0.016
0 0.568553 0.403 0.103145 0.016
0 0.179874 0.2595 0.145912 0.017
0 0.142767 0.4355 0.0767296 0.015
0 0.364151 0.257 0.116981 0.018
0 0.833962 0.4745 0.108176 0.025
0 0.166667 0.294 0.12956 0.018
0 0.357862 0.8565 0.162264 0.031
0 0.350314 0.1435 0.149686 0.019
0 0.342767 0.4355 0.124528 0.017
0 0.566038 0.143 0.0930818 0.016
0 0.27673 0.222 0.115723 0.018
0 0.820755 0.911 0.132075 0.016
0 0.592453 0.3615 0.171069 0.017
0 0.594969 0.258 0.138365 0.016
0 0.632075 0.47 0.187421 0.036
0 0.805031 0.6695 0.0981132 0.015
0 0.18805 0.7405 0.18239 0.017
0 0.178616 0.5105 0.150943 0.017
0 0.22956 0.902 0.285535 0.03
0 0.508805 0.08 0.438994 0.036
