0 0.614829 0.092 0.552493 0.074
0 0.704068 0.4165 0.0459318 0.015
0 0.137795 0.028 0.0472441 0.014
0 0.526903 0.2485 0.552493 0.017
0 0.110892 0.081 0.0721785 0.01
0 0.361549 0.203 0.0669291 0.012
0 0.354987 0.2265 0.0643045 0.013
0 0.299869 0.1515 0.0538058 0.013
0 0.120735 0.3255 0.139108 0.033
0 0.307743 0.178 0.0695538 0.012
0 0.691601 0.3605 0.0577428 0.013
0 0.785433 0.36 0.0984252 0.018
0 0.12336 0.1855 0.154856 0.075
0 0.827428 0.416 0.127297 0.018
0 0.575459 0.304 0.211286 0.016
0 0.546588 0.2005 0.282152 0.017
0 0.582677 0.332 0.220472 0.018
0 0.472441 0.2255 0.141732 0.013
0 0.120079 0.4465 0.103675 0.013
0 0.608924 0.1455 0.433071 0.019
0 0.343176 0.277 0.216535 0.014
0 0.467848 0.4155 0.124672 0.013
0 0.896982 0.0435 0.0721785 0.065
0 0.488189 0.174 0.165354 0.016
0 0.118766 0.1155 0.150919 0.045
