0 0.466535 0.5925 0.0144357 0.015
0 0.173228 0.3445 0.0734908 0.023
0 0.788714 0.314 0.217848 0.012
0 0.877297 0.0715 0.0905512 0.011
0 0.31168 0.294 0.119423 0.014
0 0.560367 0.2995 0.0787402 0.015
0 0.066273 0.183 0.0669291 0.016
0 0.353018 0.6785 0.464567 0.027
0 0.13189 0.225 0.21916 0.02
0 0.560367 0.2995 0.0393701 0.013
0 0.137795 0.2385 0.217848 0.019
0 0.0695538 0.653 0.0813648 0.014
0 0.749344 0.187 0.0419948 0.014
0 0.229659 0.354 0.209974 0.03
0 0.555774 0.592 0.116798 0.018
0 0.0577428 0.3495 0.0603675 0.015
0 0.680446 0.704 0.0301837 0.012
0 0.456693 0.319 0.493438 0.026
0 0.682415 0.6795 0.0367454 0.013
0 0.557743 0.186 0.0262467 0.014
0 0.769029 0.242 0.194226 0.018
0 0.765092 0.2275 0.191601 0.017
0 0.832677 0.8315 0.0485564 0.015
0 0.726378 0.2955 0.0485564 0.015
0 0.688976 0.6535 0.0498688 0.015
0 0.687664 0.6315 0.0446194 0.013
0 0.321522 0.295 0.0577428 0.016
0 0.40748 0.598 0.0538058 0.016
0 0.69357 0.755 0.0616798 0.014
0 0.754593 0.2045 0.102362 0.015
0 0.303806 0.183 0.2979 0.02
0 0.695538 0.7305 0.0629921 0.013
0 0.430446 0.204 0.0629921 0.014
0 0.433727 0.226 0.0853018 0.016
0 0.186352 0.084 0.354331 0.06
0 0.832021 0.857 0.0524934 0.016
0 0.156168 0.3895 0.0524934 0.015
0 0.117454 0.202 0.0538058 0.016
0 0.791339 0.5995 0.0892388 0.015
0 0.7021 0.7815 0.0682415 0.013
0 0.832021 0.1845 0.0839895 0.015
0 0.722441 0.859 0.114173 0.014
0 0.723097 0.8325 0.115486 0.015
0 0.557743 0.519 0.0971129 0.016
0 0.232283 0.442 0.212598 0.016
0 0.146982 0.2975 0.110236 0.015
0 0.204068 0.467 0.148294 0.016
0 0.173228 0.4155 0.0839895 0.015
0 0.186352 0.4935 0.110236 0.015
0 0.549869 0.3635 0.11811 0.015
0 0.497375 0.1445 0.716535 0.033
0 0.730315 0.0875 0.392388 0.019
0 0.263123 0.518 0.30315 0.018
0 0.375984 0.843 0.473753 0.042
0 0.778871 0.378 0.211286 0.04
0 0.374672 0.7585 0.5 0.121
