0 0.28937 0.3745 0.111549 0.015
0 0.301181 0.807 0.019685 0.016
0 0.17126 0.2575 0.237533 0.017
0 0.19357 0.1745 0.150919 0.015
0 0.384514 0.421 0.296588 0.018
0 0.408136 0.882 0.015748 0.01
0 0.31168 0.8815 0.0275591 0.009
0 0.501969 0.2825 0.0275591 0.009
0 0.497375 0.2545 0.0183727 0.009
0 0.212598 0.196 0.28084 0.036
0 0.595144 0.8835 0.0328084 0.009
0 0.593832 0.854 0.0275591 0.01
0 0.43832 0.404 0.412073 0.018
0 0.311024 0.8255 0.0288714 0.009
0 0.0807087 0.88 0.0380577 0.01
0 0.31168 0.853 0.0301837 0.01
0 0.0656168 0.28 0.0288714 0.01
0 0.698163 0.8285 0.225722 0.013
0 0.414698 0.854 0.0288714 0.01
0 0.39895 0.785 0.110236 0.014
0 0.106299 0.1755 0.0446194 0.013
0 0.0774278 0.141 0.0498688 0.012
0 0.467848 0.368 0.452756 0.036
0 0.810367 0.451 0.0643045 0.014
0 0.139108 0.31 0.0839895 0.014
0 0.187664 0.266 0.217848 0.014
0 0.825459 0.313 0.0524934 0.014
0 0.544619 0.7845 0.0787402 0.013
0 0.147638 0.2525 0.187664 0.013
0 0.66273 0.115 0.0629921 0.01
0 0.645669 0.8405 0.0629921 0.013
0 0.816929 0.481 0.0538058 0.014
0 0.798556 0.421 0.0905512 0.014
0 0.46063 0.826 0.12336 0.012
0 0.0964567 0.796 0.0931759 0.01
0 0.882546 0.0415 0.0721785 0.011
0 0.486877 0.0935 0.11811 0.015
0 0.613517 0.1595 0.21916 0.017
0 0.392388 0.81 0.165354 0.012
0 0.108924 0.8245 0.0918635 0.011
0 0.224409 0.1585 0.291339 0.017
0 0.385171 0.114 0.0774278 0.01
0 0.483596 0.3115 0.106299 0.013
0 0.542651 0.77 0.0905512 0.012
0 0.110892 0.112 0.108924 0.012
0 0.611549 0.811 0.0944882 0.012
0 0.681102 0.0875 0.0944882 0.011
0 0.44685 0.452 0.444882 0.018
0 0.154199 0.784 0.148294 0.016
0 0.798556 0.405 0.0958005 0.012
0 0.405512 0.329 0.338583 0.018
0 0.506562 0.1425 0.0419948 0.011
0 0.425197 0.1295 0.160105 0.015
0 0.402887 0.7695 0.131234 0.011
0 0.559055 0.2875 0.0997375 0.015
0 0.105643 0.7685 0.122047 0.011
0 0.153543 0.1295 0.133858 0.015
0 0.408136 0.51 0.325459 0.016
0 0.335958 0.481 0.204724 0.016
0 0.724409 0.6105 0.330709 0.129
0 0.0918635 0.067 0.0577428 0.054
0 0.681102 0.8635 0.133858 0.017
0 0.776903 0.067 0.286089 0.022
0 0.734252 0.889 0.248031 0.028
0 0.16273 0.852 0.199475 0.012
0 0.187664 0.0685 0.104987 0.057
