0 0.58727 0.501 0.316273 0.018
0 0.447507 0.293 0.0262467 0.014
0 0.589895 0.4875 0.305774 0.017
0 0.690289 0.475 0.102362 0.012
0 0.691601 0.488 0.0892388 0.014
0 0.690289 0.5025 0.0971129 0.013
0 0.585958 0.4595 0.350394 0.019
0 0.360236 0.265 0.0223097 0.018
0 0.475722 0.774 0.0301837 0.018
0 0.515092 0.474 0.169291 0.014
0 0.37336 0.294 0.106299 0.014
0 0.863517 0.8665 0.0446194 0.015
0 0.580052 0.4345 0.425197 0.015
0 0.372047 0.4615 0.106299 0.013
0 0.494751 0.08 0.19685 0.014
0 0.490157 0.095 0.195538 0.018
0 0.35105 0.1225 0.0564304 0.015
0 0.558399 0.7575 0.494751 0.015
0 0.665354 0.2635 0.146982 0.017
0 0.505906 0.3505 0.0774278 0.013
0 0.448819 0.264 0.128609 0.016
0 0.762467 0.8125 0.0892388 0.015
0 0.754593 0.0805 0.167979 0.017
0 0.401575 0.5885 0.104987 0.015
0 0.510499 0.841 0.335958 0.018
0 0.392388 0.786 0.0813648 0.016
0 0.769685 0.856 0.0826772 0.032
0 0.457349 0.123 0.137795 0.016
0 0.568898 0.208 0.505249 0.044
0 0.668635 0.3485 0.153543 0.017
0 0.461286 0.378 0.271654 0.016
0 0.75 0.0655 0.171916 0.015
0 0.600394 0.8685 0.221785 0.015
0 0.484252 0.0655 0.191601 0.013
0 0.615486 0.2955 0.257218 0.065
0 0.471785 0.8125 0.245407 0.017
0 0.578084 0.6495 0.518373 0.055
