0 0.0465879 0.062 0.0774278 0.062
0 0.456693 0.4425 0.805774 0.031
0 0.343176 0.506 0.0748032 0.014
0 0.153543 0.6325 0.0839895 0.015
0 0.375984 0.675 0.0406824 0.014
0 0.893701 0.8555 0.023622 0.017
0 0.37664 0.6605 0.0393701 0.015
0 0.496719 0.402 0.828084 0.036
0 0.811024 0.8605 0.0209974 0.013
0 0.375984 0.6885 0.0380577 0.013
0 0.581365 0.329 0.0393701 0.012
0 0.471129 0.6745 0.144357 0.015
0 0.704724 0.855 0.0498688 0.016
0 0.160761 0.144 0.0616798 0.016
0 0.468504 0.6595 0.144357 0.015
0 0.0629921 0.812 0.0367454 0.014
0 0.417979 0.506 0.232283 0.018
0 0.471785 0.688 0.150919 0.016
0 0.0360892 0.667 0.0459318 0.012
0 0.662073 0.3255 0.0538058 0.015
0 0.0439633 0.725 0.0616798 0.012
0 0.692913 0.4925 0.146982 0.015
0 0.674541 0.1465 0.0393701 0.013
0 0.55643 0.608 0.0603675 0.014
0 0.465223 0.1075 0.809711 0.025
0 0.114829 0.5065 0.0695538 0.013
0 0.0459318 0.354 0.0682415 0.012
0 0.395669 0.325 0.0590551 0.016
0 0.0426509 0.841 0.0564304 0.012
0 0.0301837 0.7535 0.0367454 0.013
0 0.114173 0.4925 0.0734908 0.013
0 0.0498688 0.6965 0.0708661 0.013
0 0.709974 0.603 0.104987 0.016
0 0.208005 0.1975 0.250656 0.015
0 0.482283 0.1465 0.0538058 0.015
0 0.411417 0.5215 0.211286 0.017
0 0.141732 0.521 0.131234 0.016
0 0.204724 0.215 0.278215 0.016
0 0.732283 0.5065 0.249344 0.019
0 0.611549 0.861 0.0577428 0.014
0 0.624016 0.832 0.0800525 0.014
0 0.14895 0.175 0.0511811 0.014
0 0.0616798 0.871 0.0892388 0.014
0 0.427822 0.1745 0.0577428 0.013
0 0.343832 0.4935 0.0813648 0.015
0 0.854987 0.038 0.0826772 0.012
0 0.282152 0.329 0.0997375 0.014
0 0.364173 0.4775 0.122047 0.015
0 0.737533 0.1745 0.0944882 0.013
0 0.755906 0.8015 0.0813648 0.015
0 0.593176 0.634 0.181102 0.014
0 0.62664 0.8035 0.0853018 0.013
0 0.0616798 0.7825 0.0944882 0.015
0 0.17126 0.4785 0.192913 0.017
0 0.692913 0.479 0.160105 0.016
0 0.058399 0.1475 0.0905512 0.013
0 0.33399 0.0505 0.242782 0.033
0 0.791339 0.205 0.283465 0.03
0 0.748688 0.063 0.292651 0.038
0 0.144357 0.061 0.110236 0.062
