0 0.213911 0.779 0.0341207 0.012
0 0.215879 0.7415 0.0328084 0.011
0 0.215879 0.7665 0.0354331 0.011
0 0.215223 0.7285 0.0341207 0.011
0 0.164042 0.7295 0.0314961 0.011
0 0.216535 0.754 0.0341207 0.012
0 0.380577 0.278 0.0446194 0.014
0 0.414042 0.5065 0.10105 0.013
0 0.401575 0.5325 0.0813648 0.013
0 0.51706 0.506 0.11811 0.016
0 0.236877 0.7915 0.0748032 0.013
0 0.323491 0.818 0.253281 0.016
0 0.705381 0.277 0.145669 0.018
0 0.271654 0.804 0.144357 0.014
0 0.570866 0.6925 0.11811 0.013
0 0.213255 0.316 0.127297 0.016
0 0.213911 0.278 0.128609 0.016
0 0.457349 0.391 0.192913 0.018
0 0.703412 0.506 0.204724 0.016
0 0.23622 0.3925 0.188976 0.015
0 0.734908 0.8775 0.141732 0.017
0 0.223753 0.355 0.14042 0.014
0 0.420604 0.5705 0.132546 0.017
0 0.238189 0.4305 0.182415 0.015
0 0.420604 0.354 0.129921 0.016
0 0.48294 0.3155 0.265092 0.017
0 0.225722 0.5615 0.160105 0.027
0 0.494094 0.189 0.234908 0.016
0 0.630577 0.7255 0.255906 0.047
0 0.569554 0.456 0.43832 0.066
