0 0.226282 0.1855 0.0346154 0.015
0 0.410256 0.49 0.682051 0.026
0 0.35 0.8355 0.184615 0.019
0 0.178205 0.742 0.205128 0.03
0 0.145513 0.4415 0.0294872 0.015
0 0.176923 0.761 0.207692 0.018
0 0.351282 0.868 0.210256 0.016
0 0.508333 0.7625 0.0551282 0.015
0 0.403846 0.7625 0.115385 0.015
0 0.239103 0.3825 0.101282 0.017
0 0.341667 0.883 0.165385 0.018
0 0.355128 0.822 0.205128 0.016
0 0.707692 0.8655 0.0692308 0.029
0 0.355769 0.8065 0.196154 0.017
0 0.778846 0.871 0.0474359 0.024
0 0.333974 0.8525 0.155128 0.015
0 0.657051 0.234 0.0525641 0.016
0 0.241026 0.4425 0.0974359 0.017
0 0.898077 0.2965 0.0858974 0.015
0 0.394231 0.7915 0.288462 0.019
0 0.153846 0.7905 0.148718 0.017
0 0.765385 0.8045 0.217949 0.113
0 0.200641 0.322 0.157692 0.016
0 0.366667 0.323 0.0871795 0.016
0 0.857692 0.866 0.0923077 0.03
0 0.5 0.5435 0.823077 0.069
0 0.135256 0.625 0.111538 0.016
0 0.679487 0.265 0.0948718 0.016
0 0.830128 0.265 0.15 0.018
0 0.396795 0.294 0.139744 0.018
0 0.630128 0.868 0.0551282 0.03
0 0.211538 0.2615 0.189744 0.017
0 0.425 0.2625 0.201282 0.017
0 0.732692 0.2955 0.203846 0.017
0 0.873077 0.4935 0.148718 0.017
0 0.210897 0.2915 0.185897 0.017
0 0.819231 0.2355 0.135897 0.017
