0 0.885827 0.803 0.0288714 0.012
0 0.573491 0.847 0.0341207 0.012
0 0.570866 0.804 0.0262467 0.01
0 0.886483 0.8455 0.0301837 0.011
0 0.242782 0.35 0.0682415 0.014
0 0.682415 0.791 0.107612 0.016
0 0.587927 0.785 0.0498688 0.022
0 0.114829 0.7915 0.116798 0.015
0 0.117454 0.8115 0.0931759 0.027
0 0.247375 0.1925 0.0826772 0.015
0 0.794619 0.374 0.0826772 0.016
0 0.793307 0.349 0.0774278 0.016
0 0.809055 0.2315 0.0459318 0.015
0 0.383202 0.791 0.102362 0.016
0 0.251969 0.232 0.0734908 0.016
0 0.681102 0.834 0.112861 0.018
0 0.814961 0.7455 0.0419948 0.017
0 0.524278 0.3745 0.135171 0.017
0 0.801837 0.321 0.0734908 0.014
0 0.774934 0.1935 0.116798 0.019
0 0.383202 0.8345 0.0997375 0.017
0 0.541339 0.232 0.108924 0.016
0 0.251969 0.2125 0.110236 0.015
0 0.690289 0.141 0.0866142 0.016
0 0.523622 0.3495 0.133858 0.019
0 0.192913 0.3215 0.16273 0.017
0 0.540026 0.193 0.143045 0.016
0 0.246719 0.141 0.136483 0.016
0 0.538058 0.271 0.141732 0.016
0 0.773622 0.2705 0.116798 0.015
0 0.217848 0.8115 0.0682415 0.029
0 0.580709 0.3215 0.124672 0.015
0 0.103675 0.1415 0.0944882 0.017
0 0.818898 0.7775 0.152231 0.037
0 0.492126 0.777 0.102362 0.042
0 0.110236 0.057 0.136483 0.072
0 0.680446 0.0545 0.418635 0.035
