0 0.630577 0.223 0.0144357 0.014
0 0.208005 0.395 0.019685 0.014
0 0.576115 0.395 0.0183727 0.014
0 0.759843 0.394 0.0367454 0.018
0 0.668635 0.3025 0.0328084 0.017
0 0.30643 0.303 0.0538058 0.016
0 0.391732 0.395 0.0354331 0.016
0 0.677165 0.169 0.0708661 0.018
0 0.19685 0.557 0.0629921 0.018
0 0.495407 0.1035 0.408136 0.019
0 0.505906 0.4445 0.108924 0.023
0 0.584646 0.3465 0.10105 0.049
0 0.243438 0.2455 0.158793 0.023
0 0.671916 0.4365 0.186352 0.033
0 0.441601 0.5565 0.371391 0.019
0 0.218504 0.3465 0.106299 0.049
0 0.462598 0.2375 0.166667 0.019
0 0.400919 0.346 0.108924 0.046
0 0.76706 0.348 0.108924 0.042
