0 0.120079 0.2785 0.0695538 0.015
0 0.458005 0.0825 0.469816 0.019
0 0.80315 0.45 0.0524934 0.014
0 0.484252 0.056 0.532808 0.028
0 0.462598 0.188 0.754593 0.038
0 0.108924 0.917 0.0393701 0.018
0 0.428478 0.431 0.0249344 0.02
0 0.116142 0.5415 0.0616798 0.019
0 0.114829 0.498 0.0590551 0.016
0 0.630577 0.429 0.0511811 0.022
0 0.489501 0.903 0.0446194 0.016
0 0.120079 0.3355 0.0695538 0.015
0 0.60105 0.903 0.128609 0.038
0 0.816273 0.4265 0.0551181 0.029
0 0.763123 0.509 0.135171 0.018
0 0.619423 0.4515 0.112861 0.017
0 0.698163 0.875 0.28084 0.018
0 0.208661 0.49 0.102362 0.026
0 0.41601 0.4525 0.0734908 0.015
0 0.260499 0.2455 0.10105 0.017
0 0.433071 0.628 0.417323 0.022
0 0.398294 0.681 0.108924 0.03
0 0.463911 0.141 0.392388 0.022
0 0.761811 0.4885 0.0958005 0.027
0 0.284121 0.5995 0.405512 0.017
0 0.14042 0.3065 0.107612 0.015
0 0.512467 0.86 0.0905512 0.016
0 0.307743 0.3035 0.200787 0.019
0 0.309711 0.276 0.28084 0.018
0 0.395013 0.655 0.0761155 0.018
0 0.14895 0.3955 0.124672 0.017
0 0.238845 0.3385 0.0892388 0.015
0 0.379921 0.3675 0.240157 0.015
0 0.764436 0.554 0.137795 0.018
0 0.298556 0.3955 0.14042 0.029
0 0.153543 0.6295 0.139108 0.017
0 0.198163 0.6855 0.230971 0.019
0 0.168635 0.4395 0.171916 0.017
0 0.732283 0.8355 0.343832 0.063
0 0.160105 0.365 0.144357 0.018
0 0.586614 0.754 0.614173 0.072
0 0.200131 0.657 0.237533 0.018
0 0.562336 0.5875 0.116798 0.047
