0 0.375328 0.4665 0.509186 0.017
0 0.48622 0.245 0.775591 0.034
0 0.365486 0.3235 0.58399 0.019
0 0.480315 0.295 0.0341207 0.014
0 0.358924 0.4385 0.597113 0.019
0 0.360236 0.2095 0.58399 0.023
0 0.543963 0.7485 0.709974 0.029
0 0.190289 0.552 0.0446194 0.014
0 0.801181 0.468 0.287402 0.022
0 0.479659 0.0755 0.486877 0.031
0 0.10958 0.75 0.0774278 0.014
0 0.545276 0.1245 0.0748032 0.013
0 0.285433 0.353 0.431759 0.016
0 0.569554 0.3525 0.133858 0.017
0 0.395669 0.495 0.106299 0.014
0 0.202756 0.495 0.271654 0.016
0 0.204068 0.5225 0.271654 0.019
0 0.46063 0.7895 0.587927 0.047
0 0.467192 0.1525 0.506562 0.019
0 0.214567 0.664 0.311024 0.018
0 0.571522 0.4085 0.227034 0.017
0 0.226378 0.721 0.33727 0.018
0 0.653543 0.2935 0.24147 0.017
0 0.19685 0.692 0.257218 0.016
0 0.266404 0.2945 0.396325 0.017
0 0.268373 0.41 0.379265 0.016
0 0.113517 0.5515 0.0826772 0.015
0 0.791995 0.4365 0.2979 0.019
0 0.211942 0.1275 0.143045 0.015
0 0.711286 0.1255 0.230971 0.017
0 0.141732 0.1545 0.139108 0.015
0 0.773622 0.21 0.211286 0.016
0 0.419291 0.5215 0.145669 0.017
