0 0.507218 0.4755 0.0328084 0.021
0 0.524934 0.329 0.0498688 0.022
0 0.173885 0.4015 0.0406824 0.013
0 0.421916 0.601 0.0354331 0.012
0 0.659449 0.4765 0.0249344 0.011
0 0.820866 0.1825 0.0380577 0.015
0 0.681759 0.329 0.0590551 0.012
0 0.410105 0.576 0.0459318 0.012
0 0.745407 0.164 0.0734908 0.014
0 0.196194 0.77 0.0380577 0.012
0 0.238845 0.661 0.112861 0.014
0 0.735564 0.4385 0.0643045 0.013
0 0.204724 0.29 0.0944882 0.012
0 0.290682 0.406 0.0695538 0.012
0 0.266404 0.598 0.24147 0.016
0 0.33399 0.184 0.248031 0.016
0 0.288058 0.3275 0.271654 0.017
0 0.248688 0.734 0.143045 0.014
0 0.322835 0.2935 0.136483 0.015
0 0.292651 0.6355 0.286089 0.015
0 0.537402 0.127 0.42126 0.03
0 0.43832 0.656 0.12336 0.016
0 0.261155 0.2535 0.19685 0.015
0 0.704724 0.402 0.209974 0.016
0 0.229003 0.6975 0.10105 0.013
0 0.520341 0.525 0.135171 0.014
0 0.213255 0.4385 0.124672 0.013
0 0.4521 0.2615 0.129921 0.015
0 0.844488 0.405 0.0538058 0.028
0 0.531496 0.217 0.183727 0.016
0 0.82021 0.4485 0.107612 0.015
0 0.406168 0.37 0.114173 0.014
0 0.764436 0.882 0.145669 0.016
0 0.242782 0.4755 0.188976 0.015
0 0.230971 0.3645 0.152231 0.015
0 0.245407 0.5615 0.194226 0.015
0 0.401575 0.446 0.175853 0.016
0 0.53937 0.0735 0.475066 0.045
