0 0.314304 0.2335 0.0170604 0.017
0 0.53084 0.6885 0.0144357 0.015
0 0.53084 0.866 0.011811 0.012
0 0.715223 0.89 0.023622 0.014
0 0.529528 0.5665 0.0223097 0.013
0 0.16273 0.6905 0.0419948 0.015
0 0.16273 0.807 0.0419948 0.016
0 0.528215 0.774 0.0223097 0.014
0 0.160761 0.8645 0.0406824 0.015
0 0.533465 0.538 0.0170604 0.014
0 0.163386 0.898 0.0433071 0.016
0 0.529528 0.51 0.0249344 0.014
0 0.160105 0.2665 0.0288714 0.015
0 0.162073 0.7475 0.0406824 0.015
0 0.163386 0.121 0.0275591 0.014
0 0.456037 0.3195 0.0406824 0.015
0 0.159449 0.3245 0.0275591 0.013
0 0.16273 0.631 0.0393701 0.016
0 0.162073 0.2075 0.0301837 0.015
0 0.164042 0.514 0.0367454 0.016
0 0.162073 0.15 0.0275591 0.014
0 0.164042 0.4405 0.0393701 0.015
0 0.161417 0.1785 0.0314961 0.015
0 0.163386 0.6015 0.0406824 0.015
0 0.166667 0.4125 0.0419948 0.015
0 0.163386 0.5715 0.0406824 0.015
0 0.509186 0.411 0.0577428 0.016
0 0.165354 0.382 0.0367454 0.016
0 0.160105 0.2945 0.0314961 0.015
0 0.164698 0.5435 0.0380577 0.015
0 0.161417 0.236 0.0314961 0.014
0 0.16273 0.7775 0.0419948 0.015
0 0.161417 0.719 0.0419948 0.014
0 0.16273 0.6595 0.0393701 0.015
0 0.223753 0.353 0.0616798 0.016
0 0.576115 0.353 0.102362 0.014
0 0.331365 0.3485 0.0485564 0.015
0 0.286089 0.15 0.225722 0.016
0 0.162073 0.835 0.0406824 0.016
0 0.261155 0.121 0.160105 0.014
0 0.433071 0.896 0.461942 0.016
0 0.160761 0.3535 0.0301837 0.015
0 0.516404 0.3825 0.0511811 0.015
0 0.225066 0.236 0.0800525 0.014
0 0.688976 0.2655 0.24147 0.019
0 0.290026 0.441 0.199475 0.016
0 0.2979 0.1785 0.230971 0.017
0 0.435696 0.4415 0.0787402 0.015
0 0.46916 0.1485 0.0590551 0.015
0 0.75 0.2365 0.127297 0.017
0 0.582021 0.4845 0.426509 0.017
0 0.282152 0.5135 0.15748 0.015
0 0.480315 0.2065 0.0892388 0.017
0 0.282808 0.6015 0.153543 0.015
0 0.469816 0.2365 0.112861 0.015
0 0.30315 0.382 0.225722 0.016
0 0.283465 0.5425 0.16273 0.015
0 0.688976 0.295 0.257218 0.018
0 0.474409 0.2945 0.122047 0.015
0 0.311024 0.4115 0.233596 0.017
0 0.244094 0.266 0.112861 0.016
0 0.231627 0.2945 0.0879265 0.015
0 0.281496 0.571 0.164042 0.016
0 0.749344 0.3485 0.186352 0.021
0 0.277559 0.865 0.153543 0.014
0 0.279528 0.835 0.160105 0.016
0 0.51378 0.0775 0.237533 0.015
0 0.28084 0.777 0.167979 0.014
0 0.276903 0.747 0.16273 0.016
0 0.28084 0.6305 0.15748 0.015
0 0.27231 0.324 0.177165 0.018
0 0.282152 0.6595 0.170604 0.015
0 0.275591 0.2075 0.170604 0.015
0 0.278215 0.8065 0.16273 0.015
0 0.518373 0.178 0.173228 0.02
0 0.282152 0.719 0.160105 0.016
0 0.278871 0.689 0.169291 0.016
0 0.615486 0.441 0.178478 0.018
0 0.46916 0.266 0.116798 0.016
