0 0.275591 0.1765 0.0314961 0.015
0 0.698819 0.1965 0.132546 0.013
0 0.467848 0.268 0.366142 0.014
0 0.532808 0.1455 0.425197 0.027
0 0.759843 0.118 0.0761155 0.016
0 0.700131 0.211 0.0590551 0.012
0 0.467848 0.208 0.0616798 0.014
0 0.350394 0.088 0.0498688 0.016
0 0.695538 0.557 0.0656168 0.014
0 0.156168 0.1775 0.0734908 0.015
0 0.463911 0.5295 0.0616798 0.013
0 0.538058 0.086 0.0524934 0.016
0 0.172572 0.783 0.114173 0.016
0 0.462598 0.4145 0.334646 0.015
0 0.176509 0.4365 0.116798 0.017
0 0.173228 0.692 0.11811 0.016
0 0.175853 0.269 0.112861 0.018
0 0.161417 0.112 0.0839895 0.016
0 0.175853 0.3465 0.110236 0.017
0 0.173228 0.667 0.115486 0.016
0 0.17126 0.837 0.116798 0.016
0 0.177822 0.4875 0.119423 0.017
0 0.171916 0.641 0.115486 0.016
0 0.176509 0.32 0.124672 0.016
0 0.175197 0.4625 0.119423 0.017
0 0.170604 0.8095 0.11811 0.017
0 0.772966 0.888 0.141732 0.018
0 0.153543 0.526 0.0734908 0.016
0 0.172572 0.7575 0.114173 0.017
0 0.673885 0.1775 0.33727 0.021
0 0.176509 0.295 0.119423 0.018
0 0.462598 0.5555 0.0616798 0.015
0 0.175853 0.4115 0.115486 0.017
0 0.37664 0.434 0.133858 0.016
0 0.528215 0.7355 0.161417 0.015
0 0.173228 0.615 0.115486 0.016
0 0.418635 0.4605 0.230971 0.015
0 0.526903 0.593 0.169291 0.018
0 0.532808 0.39 0.152231 0.018
0 0.472441 0.4855 0.304462 0.017
0 0.585302 0.118 0.133858 0.016
0 0.419291 0.3185 0.216535 0.017
0 0.377953 0.2915 0.136483 0.015
0 0.184383 0.552 0.135171 0.016
0 0.468504 0.345 0.328084 0.018
0 0.185696 0.204 0.135171 0.016
0 0.529528 0.247 0.169291 0.018
