0 0.737401 0.1865 0.0822281 0.011
0 0.666446 0.186 0.0384615 0.008
0 0.443634 0.4285 0.181698 0.017
0 0.673077 0.178 0.0464191 0.008
0 0.923077 0.958 0.0291777 0.01
0 0.73939 0.177 0.0888594 0.01
0 0.777851 0.941 0.0941645 0.01
0 0.798409 0.951 0.103448 0.012
0 0.693634 0.942 0.0769231 0.01
0 0.699602 0.9515 0.096817 0.011
0 0.154509 0.635 0.0490716 0.018
0 0.391247 0.5245 0.071618 0.015
0 0.147878 0.3665 0.0384615 0.015
0 0.757958 0.145 0.0729443 0.014
0 0.679708 0.145 0.0702918 0.014
0 0.159814 0.3175 0.0649867 0.015
0 0.399867 0.2695 0.096817 0.015
0 0.440318 0.1635 0.0742706 0.019
0 0.742706 0.343 0.193634 0.026
0 0.496684 0.4375 0.277188 0.029
0 0.181034 0.43 0.102122 0.018
0 0.329576 0.1985 0.396552 0.013
0 0.237401 0.679 0.220159 0.018
0 0.692971 0.2235 0.0862069 0.025
0 0.319629 0.119 0.37931 0.016
0 0.523873 0.5225 0.161804 0.019
0 0.235411 0.1665 0.213528 0.017
0 0.272546 0.6345 0.18435 0.017
0 0.440318 0.4775 0.180371 0.017
0 0.454907 0.3725 0.201592 0.031
0 0.748011 0.1165 0.217507 0.041
0 0.446286 0.3175 0.187003 0.017
0 0.766578 0.444 0.196286 0.106
0 0.283156 0.57 0.293103 0.018
0 0.615385 0.5735 0.262599 0.045
