0 0.259843 0.7125 0.32021 0.017
0 0.409449 0.5245 0.0288714 0.013
0 0.408793 0.5385 0.0275591 0.013
0 0.564961 0.8095 0.0564304 0.049
0 0.569554 0.8435 0.0708661 0.027
0 0.288714 0.56 0.199475 0.016
0 0.286745 0.5255 0.203412 0.015
0 0.286089 0.539 0.204724 0.018
0 0.383202 0.6735 0.56168 0.017
0 0.121391 0.241 0.0538058 0.012
0 0.286745 0.51 0.211286 0.016
0 0.22769 0.4575 0.271654 0.015
0 0.190945 0.8255 0.0616798 0.017
0 0.125328 0.4035 0.0590551 0.013
0 0.125984 0.2945 0.0603675 0.013
0 0.120735 0.347 0.0498688 0.014
0 0.377953 0.705 0.574803 0.03
0 0.557087 0.2365 0.0590551 0.013
0 0.535433 0.629 0.692913 0.032
0 0.654199 0.7685 0.248031 0.017
0 0.375328 0.281 0.417323 0.016
0 0.56168 0.7505 0.0577428 0.013
0 0.230315 0.226 0.10105 0.016
0 0.28937 0.385 0.221785 0.016
0 0.293307 0.336 0.227034 0.016
0 0.685696 0.1885 0.17979 0.017
0 0.183727 0.862 0.149606 0.014
0 0.442913 0.117 0.34252 0.032
0 0.711286 0.2245 0.207349 0.017
0 0.442913 0.07 0.282152 0.04
