0 0.26706 0.2325 0.019685 0.015
0 0.265748 0.2045 0.019685 0.015
0 0.501312 0.6135 0.0314961 0.015
0 0.488189 0.642 0.0577428 0.016
0 0.5 0.529 0.0288714 0.014
0 0.690945 0.8475 0.0905512 0.015
0 0.48294 0.3475 0.0682415 0.015
0 0.487533 0.5575 0.0564304 0.017
0 0.21916 0.731 0.225722 0.016
0 0.219816 0.532 0.224409 0.016
0 0.485564 0.7885 0.0629921 0.015
0 0.486877 0.67 0.0577428 0.018
0 0.492126 0.501 0.0524934 0.018
0 0.49147 0.473 0.0511811 0.016
0 0.473753 0.375 0.0839895 0.016
0 0.48294 0.7545 0.0682415 0.015
0 0.48294 0.7045 0.0708661 0.017
0 0.483596 0.817 0.0590551 0.014
0 0.483596 0.726 0.0669291 0.016
0 0.288058 0.317 0.0590551 0.016
0 0.429134 0.178 0.0498688 0.016
0 0.42979 0.092 0.0485564 0.016
0 0.435039 0.263 0.119423 0.014
0 0.387139 0.846 0.496063 0.016
0 0.427822 0.288 0.0524934 0.016
0 0.42979 0.235 0.114173 0.016
0 0.217192 0.6175 0.227034 0.015
0 0.620079 0.1505 0.41601 0.019
0 0.211286 0.1765 0.215223 0.015
0 0.240814 0.376 0.269029 0.016
0 0.231627 0.1485 0.274278 0.015
0 0.217848 0.646 0.225722 0.014
0 0.708661 0.2375 0.125984 0.015
0 0.22769 0.1205 0.269029 0.015
0 0.21916 0.5605 0.223097 0.015
0 0.220472 0.7595 0.223097 0.015
0 0.431102 0.2065 0.116798 0.015
0 0.708661 0.2095 0.125984 0.017
0 0.173885 0.262 0.135171 0.016
0 0.218504 0.5035 0.227034 0.015
0 0.576772 0.405 0.190289 0.016
0 0.218504 0.6745 0.227034 0.015
0 0.217848 0.475 0.225722 0.016
0 0.239501 0.347 0.284777 0.016
0 0.161417 0.319 0.115486 0.016
0 0.217192 0.7885 0.229659 0.017
0 0.186352 0.234 0.165354 0.016
0 0.218504 0.589 0.229659 0.014
0 0.218504 0.702 0.229659 0.016
0 0.166667 0.205 0.12336 0.016
0 0.65748 0.2645 0.24147 0.019
0 0.473097 0.122 0.132546 0.016
0 0.213911 0.2905 0.223097 0.017
0 0.217192 0.8175 0.227034 0.017
0 0.22769 0.4035 0.240157 0.015
0 0.46916 0.448 0.245407 0.016
0 0.200787 0.0915 0.191601 0.015
0 0.756562 0.3195 0.266404 0.021
0 0.471785 0.0495 0.232283 0.017
