0 0.673325 0.533 0.0115979 0.012
0 0.540593 0.5345 0.0141753 0.013
0 0.80799 0.5705 0.0128866 0.013
0 0.806701 0.532 0.0128866 0.012
0 0.396907 0.5095 0.0128866 0.013
0 0.143041 0.366 0.0309278 0.012
0 0.396263 0.5355 0.0141753 0.013
0 0.668814 0.4795 0.0206186 0.013
0 0.539948 0.5735 0.0154639 0.013
0 0.539304 0.5075 0.0141753 0.013
0 0.533505 0.4815 0.0231959 0.013
0 0.396907 0.482 0.0154639 0.014
0 0.393686 0.5745 0.0219072 0.013
0 0.673325 0.572 0.0115979 0.012
0 0.67268 0.5075 0.0128866 0.013
0 0.806057 0.505 0.0141753 0.012
0 0.800902 0.4785 0.0219072 0.015
0 0.380799 0.3905 0.0399485 0.015
0 0.380799 0.364 0.0399485 0.016
0 0.257088 0.5685 0.109536 0.025
0 0.789948 0.3595 0.0412371 0.017
0 0.147552 0.3395 0.0399485 0.013
0 0.246778 0.5095 0.0914948 0.015
0 0.764175 0.698 0.056701 0.018
0 0.518686 0.416 0.0476804 0.012
0 0.523196 0.389 0.0386598 0.014
0 0.246778 0.536 0.0914948 0.016
0 0.378866 0.338 0.0412371 0.014
0 0.162371 0.3915 0.0747423 0.013
0 0.789304 0.3865 0.0425258 0.015
0 0.655928 0.3355 0.0412371 0.015
0 0.657216 0.362 0.0412371 0.016
0 0.522552 0.363 0.0373711 0.014
0 0.656572 0.3885 0.0399485 0.015
0 0.78866 0.3335 0.0412371 0.015
0 0.649485 0.3095 0.0515464 0.015
0 0.156572 0.4445 0.0760309 0.013
0 0.784149 0.3085 0.0502577 0.015
0 0.653351 0.4145 0.0489691 0.013
0 0.786727 0.4135 0.0476804 0.013
0 0.520619 0.3365 0.0386598 0.015
0 0.454253 0.155 0.426546 0.132
0 0.375644 0.4175 0.0451031 0.013
0 0.516753 0.311 0.0489691 0.014
0 0.205541 0.6075 0.145619 0.025
0 0.375644 0.3115 0.0502577 0.015
0 0.204253 0.418 0.168814 0.016
0 0.653351 0.2725 0.134021 0.015
0 0.17268 0.2745 0.126289 0.015
0 0.249356 0.648 0.0992268 0.028
0 0.384021 0.2735 0.121134 0.013
0 0.518041 0.2795 0.108247 0.027
0 0.205541 0.2415 0.179124 0.015
0 0.78866 0.2765 0.110825 0.029
0 0.696521 0.236 0.127577 0.032
0 0.202964 0.4765 0.148196 0.027
0 0.429768 0.2385 0.161082 0.035
