0 0.574147 0.4785 0.276903 0.039
0 0.557743 0.4465 0.23622 0.033
0 0.681102 0.1495 0.0393701 0.015
0 0.619423 0.751 0.593176 0.026
0 0.243438 0.2755 0.0485564 0.015
0 0.129265 0.15 0.116798 0.018
0 0.129921 0.2165 0.115486 0.019
0 0.139764 0.2755 0.137795 0.017
0 0.305774 0.3035 0.0944882 0.015
0 0.796588 0.149 0.178478 0.016
0 0.338583 0.3945 0.146982 0.015
0 0.154199 0.3055 0.156168 0.017
0 0.194226 0.7525 0.233596 0.019
0 0.262467 0.1475 0.0813648 0.017
0 0.553806 0.362 0.606299 0.02
0 0.244094 0.856 0.32021 0.02
0 0.156168 0.3645 0.170604 0.019
0 0.339239 0.215 0.242782 0.018
0 0.507874 0.0885 0.225722 0.019
