0 0.33727 0.325 0.015748 0.01
0 0.134514 0.834 0.0380577 0.016
0 0.0905512 0.8635 0.0367454 0.015
0 0.0905512 0.095 0.0367454 0.016
0 0.0925197 0.8335 0.0433071 0.017
0 0.174541 0.419 0.188976 0.016
0 0.158793 0.0945 0.0577428 0.017
0 0.346457 0.2795 0.0393701 0.017
0 0.219816 0.461 0.108924 0.014
0 0.574147 0.5155 0.479003 0.137
0 0.656824 0.288 0.0564304 0.016
0 0.435696 0.4105 0.223097 0.021
0 0.158793 0.3745 0.165354 0.017
0 0.793963 0.28 0.215223 0.02
0 0.468504 0.174 0.254593 0.018
0 0.597769 0.7665 0.137795 0.017
0 0.161417 0.6205 0.170604 0.029
0 0.145669 0.3325 0.141732 0.015
0 0.395013 0.3665 0.139108 0.019
0 0.144357 0.2895 0.144357 0.015
0 0.684383 0.8085 0.308399 0.071
0 0.401575 0.6525 0.146982 0.019
0 0.412073 0.622 0.165354 0.02
0 0.191601 0.8765 0.128609 0.047
0 0.795932 0.0975 0.135171 0.017
