0 0.153183 0.1845 0.0517241 0.009
0 0.149867 0.3805 0.0318302 0.009
0 0.488727 0.5565 0.717507 0.103
0 0.154509 0.1745 0.0835544 0.011
0 0.120027 0.225 0.0198939 0.01
0 0.153846 0.7565 0.0318302 0.009
0 0.655172 0.8745 0.0265252 0.009
0 0.208223 0.756 0.0371353 0.008
0 0.137931 0.361 0.0583554 0.01
0 0.443634 0.411 0.645889 0.04
0 0.150531 0.1995 0.0782493 0.009
0 0.349469 0.7565 0.0437666 0.009
0 0.240716 0.782 0.306366 0.008
0 0.868037 0.9005 0.0649867 0.009
0 0.276525 0.757 0.0649867 0.01
0 0.165782 0.735 0.111406 0.01
0 0.198276 0.49 0.118037 0.012
0 0.677056 0.1755 0.0623342 0.009
0 0.137931 0.873 0.0530504 0.008
0 0.403846 0.649 0.515915 0.014
0 0.373342 0.366 0.380637 0.016
0 0.178382 0.9 0.139257 0.01
0 0.182361 0.634 0.144562 0.01
0 0.494695 0.151 0.376658 0.02
0 0.301724 0.8835 0.18435 0.047
0 0.508621 0.2565 0.754642 0.061
0 0.252653 0.21 0.240053 0.016
0 0.748674 0.888 0.107427 0.042
