0 0.809796 0.161 0.0267176 0.01
0 0.348601 0.2485 0.24173 0.035
0 0.790076 0.161 0.0279898 0.01
0 0.18257 0.6635 0.019084 0.015
0 0.548982 0.16 0.0750636 0.014
0 0.18257 0.64 0.0165394 0.016
0 0.454198 0.309 0.0178117 0.012
0 0.459924 0.339 0.0267176 0.016
0 0.19402 0.528 0.0394402 0.018
0 0.369593 0.308 0.0165394 0.012
0 0.694656 0.3095 0.0178117 0.011
0 0.193384 0.484 0.0407125 0.016
0 0.650763 0.1515 0.0648855 0.017
0 0.157125 0.618 0.108142 0.012
0 0.19402 0.506 0.0368957 0.016
0 0.540712 0.3095 0.0203562 0.011
0 0.720738 0.3095 0.0445293 0.011
0 0.782443 0.3095 0.0610687 0.013
0 0.664122 0.6645 0.0381679 0.015
0 0.735369 0.507 0.0356234 0.016
0 0.347964 0.664 0.0343511 0.014
0 0.688295 0.378 0.0279898 0.01
0 0.568702 0.394 0.0381679 0.014
0 0.530534 0.378 0.0330789 0.012
0 0.118957 0.1605 0.0496183 0.013
0 0.66285 0.507 0.0356234 0.016
0 0.592875 0.5065 0.0330789 0.017
0 0.878499 0.022 0.0572519 0.02
0 0.592239 0.4845 0.0368957 0.017
0 0.888677 0.395 0.0368957 0.012
0 0.417303 0.4835 0.0407125 0.017
0 0.721374 0.429 0.0559796 0.016
0 0.573791 0.429 0.0712468 0.018
0 0.655852 0.4285 0.0521628 0.017
0 0.648855 0.3945 0.0407125 0.015
0 0.508906 0.5065 0.0356234 0.017
0 0.49173 0.394 0.0394402 0.014
0 0.604326 0.46 0.396947 0.014
0 0.592875 0.5285 0.0356234 0.017
0 0.410305 0.394 0.0368957 0.012
0 0.669211 0.1905 0.0636132 0.015
0 0.716285 0.3355 0.0610687 0.015
0 0.734733 0.529 0.0394402 0.016
0 0.725191 0.3945 0.0381679 0.013
0 0.417939 0.506 0.0368957 0.016
0 0.811069 0.3945 0.0394402 0.013
0 0.734733 0.485 0.0368957 0.018
0 0.49173 0.6635 0.0521628 0.017
0 0.576336 0.664 0.0559796 0.018
0 0.429389 0.1915 0.0445293 0.011
0 0.374682 0.378 0.0368957 0.012
0 0.417939 0.5285 0.0368957 0.017
0 0.733461 0.665 0.062341 0.016
0 0.73028 0.223 0.0890585 0.012
0 0.558524 0.183 0.180662 0.022
0 0.412214 0.6645 0.0534351 0.017
0 0.547074 0.795 0.699746 0.024
0 0.412214 0.6405 0.0534351 0.017
0 0.132316 0.803 0.0737913 0.01
0 0.135496 0.251 0.0725191 0.012
0 0.138041 0.1905 0.0877863 0.013
0 0.830789 0.184 0.0966921 0.018
0 0.493003 0.429 0.0725191 0.018
0 0.731552 0.6405 0.0585242 0.017
0 0.643766 0.3085 0.0534351 0.013
0 0.153308 0.461 0.113232 0.014
0 0.145674 0.594 0.103053 0.022
0 0.891858 0.954 0.0763359 0.012
0 0.333969 0.394 0.0394402 0.014
0 0.410305 0.429 0.0496183 0.018
0 0.340331 0.506 0.0547074 0.018
0 0.501272 0.25 0.564885 0.04
0 0.330153 0.4285 0.0521628 0.017
0 0.142494 0.2225 0.0992366 0.013
0 0.847328 0.214 0.0814249 0.018
0 0.180025 0.9525 0.169211 0.011
0 0.257634 0.1845 0.0725191 0.019
0 0.657761 0.6415 0.0483461 0.017
0 0.160305 0.309 0.129771 0.016
0 0.361959 0.2145 0.270992 0.021
0 0.162214 0.336 0.131043 0.014
0 0.142494 0.378 0.0941476 0.014
0 0.5757 0.641 0.0496183 0.018
0 0.492366 0.6405 0.0508906 0.017
0 0.340967 0.153 0.368957 0.022
0 0.308524 0.1225 0.253181 0.019
0 0.340967 0.641 0.0508906 0.018
0 0.17112 0.418 0.161578 0.022
0 0.51145 0.0815 0.358779 0.025
0 0.314249 0.842 0.29771 0.022
0 0.596692 0.8515 0.24173 0.037
