0 0.276843 0.335 0.0206986 0.012
0 0.677232 0.109 0.0271669 0.01
0 0.611902 0.342 0.0310479 0.012
0 0.617076 0.329 0.206986 0.014
0 0.758732 0.1145 0.0711514 0.015
0 0.126779 0.192 0.064683 0.01
0 0.897154 0.9055 0.0711514 0.011
0 0.126779 0.3565 0.064683 0.011
0 0.179819 0.9055 0.163001 0.011
0 0.509702 0.087 0.491591 0.02
0 0.276843 0.117 0.279431 0.014
0 0.144243 0.1365 0.0996119 0.011
0 0.167529 0.329 0.138422 0.012
0 0.21022 0.2565 0.102199 0.061
0 0.256792 0.159 0.231565 0.016
0 0.483829 0.392 0.68564 0.032
