0 0.372574 0.114 0.0439845 0.008
0 0.109314 0.557 0.0219922 0.008
0 0.40621 0.5565 0.0155239 0.009
0 0.194049 0.152 0.0181113 0.008
0 0.214101 0.1515 0.0219922 0.009
0 0.538163 0.151 0.0258732 0.008
0 0.372574 0.1275 0.0388098 0.009
0 0.388098 0.1515 0.0258732 0.009
0 0.180466 0.5565 0.0271669 0.009
0 0.470246 0.127 0.0375162 0.008
0 0.673997 0.085 0.0284605 0.01
0 0.253558 0.5565 0.0284605 0.009
0 0.931436 0.024 0.0232859 0.014
0 0.690815 0.1135 0.0698577 0.009
0 0.229625 0.557 0.0142303 0.008
0 0.536223 0.114 0.0608021 0.008
0 0.684347 0.1505 0.0388098 0.009
0 0.699871 0.1275 0.0439845 0.009
0 0.245149 0.0975 0.0349288 0.011
0 0.892626 0.127 0.0336352 0.01
0 0.835705 0.277 0.0827943 0.008
0 0.432083 0.5565 0.0362225 0.009
0 0.834411 0.2475 0.0905563 0.009
0 0.68564 0.247 0.064683 0.008
0 0.352523 0.2775 0.0659767 0.007
0 0.684347 0.306 0.0620957 0.008
0 0.684994 0.36 0.0659767 0.008
0 0.686287 0.222 0.0633894 0.008
0 0.350582 0.3055 0.072445 0.007
0 0.684994 0.334 0.0633894 0.008
0 0.138422 0.2485 0.0543338 0.009
0 0.353169 0.2225 0.0672704 0.007
0 0.339586 0.5565 0.0582147 0.011
0 0.497413 0.2475 0.084088 0.007
0 0.835705 0.222 0.0853816 0.01
0 0.161708 0.223 0.0983182 0.01
0 0.353816 0.248 0.0633894 0.008
0 0.498706 0.306 0.0866753 0.008
0 0.739974 0.2025 0.100906 0.009
0 0.145537 0.2775 0.0633894 0.009
0 0.83053 0.3605 0.080207 0.007
0 0.833765 0.3055 0.0815006 0.009
0 0.683053 0.2775 0.064683 0.009
0 0.149418 0.306 0.0737387 0.008
0 0.168176 0.886 0.170763 0.008
0 0.675291 0.8575 0.0336352 0.011
0 0.120957 0.8585 0.0582147 0.009
0 0.119017 0.5885 0.0595084 0.007
0 0.499353 0.36 0.087969 0.008
0 0.353169 0.3345 0.0620957 0.007
0 0.832471 0.334 0.084088 0.008
0 0.351876 0.3605 0.0620957 0.007
0 0.49806 0.222 0.0853816 0.008
0 0.403622 0.6885 0.532988 0.019
0 0.752264 0.096 0.0970246 0.014
0 0.530401 0.0245 0.103493 0.013
0 0.499353 0.277 0.0853816 0.008
0 0.155239 0.5425 0.121604 0.011
0 0.899741 0.8865 0.076326 0.011
0 0.23868 0.126 0.0711514 0.012
0 0.14295 0.335 0.0608021 0.01
0 0.137128 0.3605 0.0465718 0.009
0 0.498706 0.334 0.0892626 0.008
0 0.232859 0.382 0.307891 0.01
0 0.444373 0.5145 0.0970246 0.009
0 0.569858 0.475 0.128072 0.01
0 0.138422 0.114 0.100906 0.01
0 0.134541 0.477 0.0905563 0.01
0 0.141656 0.0865 0.107374 0.011
0 0.116429 0.1795 0.0595084 0.009
0 0.494825 0.06 0.415265 0.02
0 0.404269 0.203 0.0944373 0.008
0 0.518758 0.643 0.783959 0.064
0 0.165589 0.514 0.160414 0.012
0 0.582147 0.178 0.14489 0.01
0 0.530401 0.7765 0.791721 0.043
0 0.532342 0.7265 0.767141 0.035
0 0.792367 0.8705 0.128072 0.045
0 0.305951 0.8645 0.353169 0.033
0 0.7652 0.528 0.267788 0.042
