0 0.367439 0.398 0.021879 0.014
0 0.553411 0.2875 0.0514801 0.015
0 0.718147 0.288 0.0669241 0.014
0 0.545045 0.528 0.788932 0.054
0 0.772844 0.1575 0.0759331 0.017
0 0.621622 0.284 0.0797941 0.016
0 0.812741 0.3055 0.253539 0.015
0 0.456885 0.4 0.0978121 0.014
0 0.169241 0.209 0.0733591 0.016
0 0.719434 0.935 0.151866 0.02
0 0.678893 0.3995 0.0939511 0.015
0 0.202059 0.288 0.138996 0.016
0 0.202703 0.336 0.140283 0.016
0 0.537967 0.5905 0.795367 0.053
0 0.878378 0.399 0.132561 0.016
0 0.322394 0.367 0.395109 0.018
0 0.370013 0.287 0.168597 0.014
0 0.289575 0.9365 0.190476 0.021
0 0.278636 0.4305 0.292149 0.019
0 0.818533 0.2845 0.126126 0.015
0 0.539254 0.201 0.617761 0.024
0 0.377091 0.3325 0.195624 0.017
0 0.85843 0.032 0.213642 0.054
0 0.210425 0.169 0.160875 0.016
0 0.482625 0.088 0.301158 0.076
0 0.342342 0.888 0.362934 0.082
0 0.774131 0.885 0.431145 0.088
