0 0.861406 0.3075 0.0437666 0.013
0 0.168435 0.2825 0.0291777 0.009
0 0.196286 0.2165 0.0291777 0.009
0 0.86008 0.3115 0.0490716 0.011
0 0.675729 0.188 0.0251989 0.008
0 0.165782 0.2165 0.0822281 0.009
0 0.703581 0.284 0.0278515 0.012
0 0.859416 0.302 0.0344828 0.01
0 0.415119 0.605 0.405836 0.172
0 0.137268 0.189 0.030504 0.01
0 0.27122 0.469 0.224138 0.016
0 0.507958 0.172 0.0689655 0.008
0 0.196286 0.273 0.135279 0.01
0 0.20557 0.317 0.0238727 0.012
0 0.244695 0.773 0.189655 0.014
0 0.724801 0.171 0.0543767 0.01
0 0.87069 0.6715 0.0835544 0.025
0 0.194297 0.7875 0.0915119 0.011
0 0.285809 0.172 0.0649867 0.01
0 0.865385 0.378 0.0809019 0.074
0 0.886605 0.9475 0.0702918 0.011
0 0.269231 0.3445 0.0689655 0.013
0 0.748011 0.193 0.111406 0.016
0 0.273873 0.3165 0.0676393 0.015
0 0.232095 0.483 0.172414 0.012
0 0.183687 0.3 0.11008 0.01
0 0.738064 0.273 0.14191 0.012
0 0.199602 0.193 0.096817 0.014
0 0.872016 0.5525 0.0862069 0.015
0 0.259284 0.2335 0.192308 0.015
0 0.427719 0.3865 0.404509 0.015
0 0.201592 0.947 0.151194 0.01
0 0.507958 0.138 0.360743 0.018
0 0.29443 0.756 0.286472 0.038
0 0.279841 0.444 0.249337 0.048
