0 0.445623 0.594 0.535809 0.022
0 0.486074 0.529 0.653846 0.058
0 0.14191 0.23 0.0159151 0.008
0 0.171751 0.3965 0.0278515 0.011
0 0.27122 0.412 0.197613 0.014
0 0.169761 0.7985 0.0318302 0.009
0 0.675729 0.9275 0.0278515 0.009
0 0.225464 0.799 0.0397878 0.008
0 0.219496 0.513 0.123342 0.01
0 0.615385 0.274 0.156499 0.014
0 0.276525 0.567 0.20557 0.014
0 0.259947 0.828 0.29443 0.01
0 0.367374 0.799 0.0503979 0.008
0 0.47679 0.688 0.608753 0.014
0 0.46618 0.438 0.568965 0.022
0 0.295756 0.799 0.066313 0.006
0 0.246021 0.191 0.0437666 0.014
0 0.188329 0.7755 0.114058 0.009
0 0.155836 0.9245 0.0543767 0.007
0 0.698939 0.178 0.0636605 0.008
0 0.159814 0.3745 0.0570292 0.009
0 0.195623 0.953 0.147215 0.01
0 0.169098 0.2035 0.0809019 0.009
0 0.175066 0.176 0.0875332 0.01
0 0.203581 0.668 0.144562 0.01
0 0.382626 0.3855 0.364721 0.017
0 0.762599 0.936 0.129973 0.028
0 0.519894 0.151 0.384615 0.018
0 0.334218 0.2195 0.233422 0.015
0 0.299735 0.934 0.241379 0.03
0 0.450928 0.297 0.570292 0.058
