0 0.71216 0.16 0.0142303 0.014
0 0.763907 0.163 0.0659767 0.016
0 0.850582 0.4495 0.0633894 0.013
0 0.0970246 0.2775 0.0750323 0.011
0 0.61837 0.432 0.116429 0.014
0 0.166235 0.4425 0.0142303 0.009
0 0.623545 0.4475 0.116429 0.013
0 0.510996 0.1325 0.0155239 0.015
0 0.802717 0.3935 0.0245796 0.015
0 0.137775 0.2785 0.156533 0.013
0 0.619664 0.4175 0.126779 0.015
0 0.688875 0.3035 0.148771 0.015
0 0.889392 0.23 0.0608021 0.016
0 0.84282 0.464 0.0426908 0.012
0 0.767141 0.1725 0.129366 0.039
0 0.0905563 0.39 0.0672704 0.012
0 0.121604 0.446 0.0362225 0.012
0 0.633247 0.462 0.133247 0.014
0 0.247089 0.2285 0.0388098 0.015
0 0.859638 0.4345 0.0789133 0.013
0 0.399741 0.4595 0.0388098 0.013
0 0.521345 0.4985 0.499353 0.019
0 0.116429 0.8975 0.0983182 0.015
0 0.652005 0.1795 0.0698577 0.013
0 0.507115 0.1595 0.0413972 0.015
0 0.656533 0.389 0.205692 0.022
0 0.90815 0.2005 0.0905563 0.013
0 0.309185 0.456 0.0517464 0.012
0 0.100259 0.4755 0.0866753 0.013
0 0.184994 0.293 0.22251 0.016
0 0.396507 0.728 0.516171 0.018
0 0.740621 0.1995 0.107374 0.013
0 0.283959 0.3505 0.138422 0.013
0 0.0983182 0.4085 0.087969 0.013
0 0.687581 0.4775 0.23674 0.017
0 0.727037 0.23 0.0776197 0.016
0 0.424321 0.14 0.124191 0.014
0 0.0924968 0.3695 0.068564 0.013
0 0.799483 0.1325 0.072445 0.017
0 0.117076 0.46 0.0478655 0.012
0 0.584735 0.199 0.072445 0.014
0 0.100906 0.137 0.080207 0.014
0 0.683053 0.2835 0.307891 0.019
0 0.682406 0.14 0.112549 0.016
0 0.824062 0.305 0.113842 0.014
0 0.135188 0.4275 0.138422 0.015
0 0.628072 0.341 0.138422 0.052
0 0.116429 0.196 0.116429 0.014
0 0.16947 0.1575 0.209573 0.013
0 0.264554 0.1745 0.397154 0.017
0 0.344114 0.3925 0.126779 0.015
0 0.143596 0.4925 0.165589 0.015
0 0.3163 0.2795 0.164295 0.015
0 0.48577 0.558 0.673997 0.034
0 0.62031 0.159 0.133247 0.014
0 0.245796 0.133 0.165589 0.018
0 0.170116 0.338 0.234153 0.016
0 0.34088 0.372 0.125485 0.014
0 0.868693 0.3435 0.141009 0.043
0 0.137128 0.0855 0.178525 0.021
0 0.865459 0.0925 0.217335 0.037
0 0.549159 0.0935 0.335058 0.049
