0 0.294503 0.3865 0.149215 0.015
0 0.634817 0.3465 0.143979 0.023
0 0.751963 0.1715 0.0353403 0.017
0 0.632199 0.374 0.141361 0.042
0 0.166885 0.489 0.0170157 0.012
0 0.411649 0.6415 0.579843 0.025
0 0.412958 0.6705 0.566754 0.023
0 0.634162 0.4795 0.140052 0.015
0 0.530759 0.1405 0.0170157 0.015
0 0.842277 0.4965 0.0458115 0.015
0 0.848822 0.4805 0.0589005 0.013
0 0.617801 0.463 0.109948 0.012
0 0.804319 0.421 0.0222513 0.016
0 0.76767 0.1855 0.14267 0.037
0 0.121728 0.4785 0.039267 0.013
0 0.635471 0.494 0.126963 0.014
0 0.399869 0.492 0.0431937 0.014
0 0.481021 0.169 0.0431937 0.014
0 0.930628 0.0355 0.0759162 0.029
0 0.298429 0.582 0.363874 0.02
0 0.091623 0.418 0.065445 0.012
0 0.116492 0.4935 0.0497382 0.015
0 0.0994764 0.437 0.0837696 0.012
0 0.0929319 0.395 0.0680628 0.012
0 0.890052 0.2435 0.0575916 0.015
0 0.859293 0.4645 0.0772251 0.013
0 0.658377 0.4125 0.219895 0.025
0 0.689136 0.323 0.145288 0.016
0 0.098822 0.5095 0.0876963 0.015
0 0.259162 0.2405 0.0418848 0.015
0 0.284031 0.375 0.136126 0.014
0 0.113874 0.971 0.0942408 0.026
0 0.909031 0.213 0.0850785 0.014
0 0.14267 0.2965 0.162304 0.013
0 0.742801 0.2125 0.103403 0.015
0 0.810864 0.142 0.0719895 0.016
0 0.825262 0.324 0.113874 0.014
0 0.685864 0.301 0.295812 0.018
0 0.277487 0.183 0.410995 0.018
0 0.328534 0.489 0.0890052 0.016
0 0.653141 0.1905 0.0732984 0.013
0 0.619764 0.168 0.14267 0.012
0 0.501963 0.5325 0.459424 0.019
0 0.426702 0.148 0.115183 0.014
0 0.134162 0.4585 0.145288 0.017
0 0.733639 0.243 0.0693717 0.016
0 0.586387 0.2115 0.0759162 0.013
0 0.170812 0.362 0.247382 0.018
0 0.61911 0.446 0.133508 0.014
0 0.176047 0.311 0.215969 0.016
0 0.683901 0.1485 0.113874 0.015
0 0.102094 0.146 0.0837696 0.014
0 0.344895 0.4195 0.132199 0.017
0 0.315445 0.297 0.15445 0.014
0 0.170812 0.1655 0.210733 0.015
0 0.340314 0.398 0.123037 0.016
0 0.144634 0.5275 0.163613 0.017
0 0.691099 0.5115 0.230366 0.017
0 0.224476 0.1405 0.129581 0.019
0 0.140707 0.0905 0.168848 0.021
0 0.117801 0.2075 0.115183 0.013
0 0.870419 0.363 0.143979 0.052
0 0.553665 0.099 0.324607 0.05
0 0.868455 0.097 0.210733 0.04
