0 0.281984 0.11 0.0391645 0.012
0 0.346606 0.0785 0.570496 0.021
0 0.582245 0.738 0.0417755 0.016
0 0.775457 0.0205 0.0391645 0.011
0 0.203655 0.1975 0.0443864 0.015
0 0.0796345 0.1105 0.0469974 0.011
0 0.827676 0.6825 0.127937 0.021
0 0.105091 0.0315 0.100522 0.013
0 0.344648 0.137 0.0496084 0.016
0 0.106397 0.047 0.0979112 0.012
0 0.0489556 0.065 0.0639687 0.01
0 0.757833 0.1335 0.110966 0.015
0 0.105091 0.1245 0.171018 0.013
0 0.678851 0.02 0.13577 0.022
0 0.139034 0.1395 0.249347 0.017
0 0.707572 0.1205 0.0992167 0.011
0 0.215405 0.168 0.412533 0.02
0 0.849217 0.092 0.191906 0.014
0 0.886423 0.194 0.0835509 0.016
0 0.791775 0.061 0.0796345 0.012
0 0.480418 0.1365 0.195822 0.019
0 0.498695 0.6605 0.114883 0.013
0 0.0718016 0.1965 0.075718 0.015
0 0.180157 0.661 0.125326 0.014
0 0.806136 0.66 0.0770235 0.014
0 0.575065 0.715 0.0691906 0.016
0 0.808747 0.7155 0.0953003 0.017
0 0.417755 0.716 0.0652741 0.014
0 0.539164 0.195 0.0913838 0.016
0 0.181462 0.715 0.0809399 0.016
0 0.443864 0.0295 0.221932 0.017
0 0.530026 0.3055 0.746736 0.191
0 0.798956 0.7485 0.26893 0.039
