0 0.387931 0.232 0.306366 0.018
0 0.348143 0.2625 0.582228 0.019
0 0.385942 0.2915 0.0344828 0.017
0 0.215517 0.2915 0.0225464 0.013
0 0.170424 0.292 0.030504 0.014
0 0.291114 0.295 0.0464191 0.014
0 0.78382 0.207 0.0397878 0.012
0 0.420424 0.9595 0.0424403 0.015
0 0.508621 0.2935 0.0278515 0.011
0 0.606101 0.9595 0.0424403 0.015
0 0.872679 0.3795 0.0371353 0.013
0 0.0921751 0.295 0.0464191 0.012
0 0.111406 0.231 0.103448 0.012
0 0.108753 0.2155 0.111406 0.015
0 0.446286 0.2155 0.232095 0.017
0 0.589523 0.2915 0.035809 0.015
0 0.364058 0.322 0.0490716 0.014
0 0.917109 0.3795 0.0437666 0.015
0 0.167109 0.323 0.265252 0.018
0 0.209549 0.381 0.0477454 0.016
0 0.553714 0.4885 0.80504 0.135
0 0.425729 0.9365 0.066313 0.015
0 0.688329 0.209 0.129973 0.024
0 0.809682 0.8475 0.128647 0.019
0 0.817639 0.935 0.102122 0.016
0 0.0789125 0.381 0.0782493 0.016
0 0.583554 0.9355 0.066313 0.015
0 0.814987 0.8805 0.0755968 0.015
0 0.116048 0.311 0.179045 0.014
0 0.825597 0.969 0.290451 0.04
0 0.506631 0.8805 0.122016 0.011
0 0.492042 0.3225 0.151194 0.017
0 0.230769 0.353 0.405836 0.018
0 0.846154 0.223 0.129973 0.018
0 0.799072 0.2475 0.0809019 0.011
0 0.765915 0.322 0.112732 0.014
0 0.715517 0.307 0.0994695 0.012
0 0.190318 0.937 0.0835544 0.014
0 0.533157 0.38 0.0981432 0.016
0 0.854775 0.279 0.18435 0.014
0 0.189655 0.882 0.124668 0.014
