0 0.21817 0.648 0.0119363 0.012
0 0.21817 0.631 0.00928382 0.012
0 0.21817 0.6825 0.0119363 0.011
0 0.218833 0.6655 0.00795756 0.011
0 0.218833 0.5625 0.0106101 0.013
0 0.217507 0.1375 0.0291777 0.013
0 0.355438 0.4755 0.0212202 0.013
0 0.217507 0.597 0.0106101 0.012
0 0.216844 0.6135 0.0119363 0.011
0 0.218833 0.579 0.0106101 0.012
0 0.185013 0.495 0.0915119 0.012
0 0.124005 0.734 0.0437666 0.014
0 0.218833 0.545 0.0132626 0.012
0 0.204907 0.156 0.0464191 0.014
0 0.622016 0.12 0.0954907 0.014
0 0.215517 0.6995 0.0172414 0.011
0 0.201592 0.223 0.0557029 0.014
0 0.208223 0.477 0.0450928 0.014
0 0.297082 0.307 0.0318302 0.014
0 0.279841 0.155 0.0901857 0.014
0 0.257958 0.1725 0.0490716 0.013
0 0.259947 0.325 0.0530504 0.014
0 0.209549 0.1725 0.0424403 0.013
0 0.171088 0.2065 0.116711 0.015
0 0.194297 0.325 0.0702918 0.014
0 0.188992 0.3425 0.0835544 0.013
0 0.261273 0.341 0.0557029 0.014
0 0.289788 0.2575 0.0411141 0.015
0 0.212202 0.426 0.0928382 0.016
0 0.329576 0.562 0.189655 0.016
0 0.187666 0.2565 0.0888594 0.015
0 0.182361 0.528 0.0994695 0.014
0 0.136605 0.947 0.114058 0.012
0 0.273873 0.2755 0.0729443 0.011
0 0.293103 0.2225 0.116711 0.015
0 0.331565 0.544 0.209549 0.018
0 0.612069 0.2915 0.0755968 0.011
0 0.277188 0.2055 0.0822281 0.015
0 0.194297 0.308 0.0729443 0.014
0 0.445623 0.2735 0.106101 0.015
0 0.177056 0.756 0.12069 0.014
0 0.295756 0.1375 0.127321 0.015
0 0.608753 0.256 0.220159 0.018
0 0.263926 0.376 0.254642 0.018
0 0.425729 0.2565 0.140584 0.015
0 0.261273 0.1 0.339523 0.022
