0 0.817481 0.163 0.0257069 0.008
0 0.798843 0.163 0.0347044 0.01
0 0.13946 0.1245 0.0655527 0.011
0 0.49036 0.248 0.53599 0.046
0 0.739075 0.5075 0.033419 0.015
0 0.877892 0.1505 0.0822622 0.017
0 0.116967 0.481 0.0257069 0.014
0 0.458869 0.307 0.0179949 0.012
0 0.546273 0.3085 0.0205656 0.011
0 0.373393 0.307 0.0167095 0.012
0 0.694087 0.3095 0.0205656 0.013
0 0.424165 0.484 0.0411311 0.016
0 0.438303 0.118 0.547558 0.024
0 0.725578 0.31 0.0398458 0.012
0 0.122108 0.7015 0.0359897 0.015
0 0.586761 0.507 0.0347044 0.016
0 0.786632 0.184 0.0822622 0.016
0 0.690874 0.379 0.0244216 0.01
0 0.413239 0.704 0.0604113 0.016
0 0.434447 0.1885 0.0488432 0.013
0 0.120823 0.723 0.0385604 0.016
0 0.587404 0.485 0.0385604 0.016
0 0.124036 0.6375 0.0372751 0.015
0 0.42545 0.529 0.0359897 0.016
0 0.493573 0.393 0.0385604 0.014
0 0.739717 0.4855 0.0347044 0.015
0 0.125321 0.156 0.0475578 0.012
0 0.12982 0.527 0.0514139 0.016
0 0.64653 0.309 0.0539846 0.012
0 0.607969 0.46 0.40874 0.016
0 0.890746 0.3965 0.0385604 0.013
0 0.741003 0.5315 0.0321337 0.015
0 0.571979 0.394 0.0385604 0.014
0 0.122751 0.6595 0.0372751 0.015
0 0.507069 0.6625 0.0372751 0.015
0 0.376607 0.376 0.0385604 0.012
0 0.129177 0.504 0.0475578 0.018
0 0.789203 0.3105 0.0488432 0.013
0 0.336118 0.6605 0.0475578 0.017
0 0.498072 0.7045 0.0526992 0.017
0 0.1491 0.2185 0.0951157 0.013
0 0.725578 0.6635 0.0604113 0.017
0 0.657455 0.6625 0.0372751 0.015
0 0.65874 0.507 0.0347044 0.016
0 0.587404 0.5305 0.0359897 0.015
0 0.534704 0.378 0.0308483 0.012
0 0.652314 0.3945 0.0398458 0.015
0 0.150386 0.588 0.0951157 0.016
0 0.651671 0.4285 0.0514139 0.017
0 0.334833 0.7025 0.0475578 0.017
0 0.343188 0.6385 0.0411311 0.017
0 0.719794 0.337 0.059126 0.012
0 0.573265 0.4275 0.0719794 0.019
0 0.415167 0.393 0.0359897 0.012
0 0.813625 0.3965 0.0385604 0.013
0 0.491645 0.427 0.0655527 0.018
0 0.730077 0.3955 0.0385604 0.013
0 0.417738 0.661 0.0539846 0.016
0 0.338689 0.392 0.0372751 0.014
0 0.456941 0.336 0.0501285 0.018
0 0.579049 0.705 0.0501285 0.018
0 0.532134 0.797 0.660668 0.022
0 0.412596 0.7255 0.0616967 0.017
0 0.579692 0.6625 0.0488432 0.017
0 0.143316 0.247 0.0758355 0.012
0 0.338689 0.426 0.0501285 0.018
0 0.135604 0.8 0.0758355 0.012
0 0.651028 0.1505 0.0501285 0.015
0 0.728149 0.429 0.0578406 0.018
0 0.672879 0.19 0.0604113 0.012
0 0.561697 0.1595 0.0796915 0.013
0 0.832905 0.2155 0.0848329 0.017
0 0.41838 0.506 0.0526992 0.018
0 0.498715 0.726 0.0539846 0.016
0 0.500643 0.506 0.0526992 0.018
0 0.728149 0.641 0.062982 0.018
0 0.326478 0.152 0.341902 0.022
0 0.415167 0.4265 0.059126 0.019
0 0.579692 0.7265 0.0514139 0.017
0 0.27635 0.1815 0.0848329 0.015
0 0.160026 0.615 0.109255 0.012
0 0.335476 0.7245 0.0488432 0.017
0 0.506427 0.64 0.0385604 0.016
0 0.65617 0.6405 0.0372751 0.017
0 0.16581 0.3055 0.128535 0.015
0 0.145887 0.186 0.0886889 0.012
0 0.732648 0.2225 0.092545 0.011
0 0.887532 0.9545 0.0732648 0.011
0 0.580334 0.6405 0.0501285 0.017
0 0.180591 0.949 0.16838 0.012
0 0.167738 0.3325 0.12982 0.013
0 0.14653 0.375 0.0899743 0.014
0 0.158098 0.46 0.107969 0.014
0 0.338046 0.5055 0.0514139 0.019
0 0.419666 0.6395 0.0501285 0.017
0 0.354756 0.213 0.282776 0.018
0 0.539846 0.182 0.172237 0.02
0 0.188303 0.6845 0.170951 0.017
0 0.174807 0.414 0.156812 0.022
0 0.237147 0.8405 0.27892 0.019
0 0.517352 0.08 0.345758 0.02
0 0.492931 0.851 0.194087 0.038
