0 0.839426 0.125 0.0443864 0.018
0 0.836815 0.2575 0.0208877 0.017
0 0.645561 0.386 0.223238 0.022
0 0.849217 0.0995 0.0874674 0.019
0 0.842689 0.15 0.0535248 0.018
0 0.849217 0.046 0.04047 0.018
0 0.865535 0.724 0.0313316 0.016
0 0.843995 0.1755 0.0535248 0.019
0 0.847259 0.8355 0.0391645 0.019
0 0.369452 0.304 0.0391645 0.016
0 0.875326 0.411 0.0587467 0.02
0 0.358355 0.125 0.0483029 0.016
0 0.486292 0.835 0.037859 0.018
0 0.427546 0.8345 0.037859 0.017
0 0.923629 0.8355 0.0483029 0.019
0 0.849217 0.334 0.0665796 0.018
0 0.280679 0.834 0.0522193 0.018
0 0.372715 0.2005 0.0770235 0.019
0 0.105091 0.1505 0.0926893 0.017
0 0.641645 0.491 0.225849 0.02
0 0.0966057 0.099 0.0678851 0.018
0 0.848564 0.3605 0.0678851 0.019
0 0.11423 0.909 0.124021 0.02
0 0.870104 0.436 0.0665796 0.02
0 0.319191 0.773 0.04047 0.014
0 0.767624 0.099 0.0522193 0.016
0 0.637076 0.8345 0.0496084 0.021
0 0.353133 0.3325 0.0848564 0.019
0 0.368146 0.172 0.0652741 0.018
0 0.543081 0.527 0.712794 0.04
0 0.842689 0.2015 0.0509138 0.017
0 0.847911 0.3825 0.0665796 0.019
0 0.781332 0.8335 0.0509138 0.019
0 0.64752 0.9085 0.253264 0.045
0 0.353786 0.834 0.0652741 0.018
0 0.489556 0.7215 0.0809399 0.019
0 0.842037 0.229 0.0522193 0.022
0 0.536554 0.578 0.673629 0.034
0 0.712141 0.833 0.0561358 0.02
0 0.422976 0.382 0.182768 0.02
0 0.0913838 0.1765 0.0626632 0.017
0 0.842037 0.2815 0.0496084 0.019
0 0.349869 0.356 0.0548303 0.018
0 0.638381 0.802 0.0574413 0.018
0 0.798303 0.775 0.0665796 0.018
0 0.103786 0.515 0.0979112 0.018
0 0.366841 0.436 0.109661 0.018
0 0.560705 0.834 0.0535248 0.022
0 0.156658 0.383 0.195822 0.024
0 0.8453 0.0735 0.20235 0.019
0 0.460836 0.8005 0.0548303 0.019
0 0.177546 0.7485 0.27154 0.021
0 0.874021 0.4915 0.0900783 0.019
0 0.864883 0.4655 0.103133 0.021
0 0.665796 0.438 0.253264 0.02
0 0.107702 0.125 0.0979112 0.018
0 0.110966 0.7225 0.109661 0.019
0 0.659922 0.465 0.259791 0.022
0 0.365535 0.4085 0.112272 0.021
0 0.876632 0.3095 0.116188 0.019
0 0.590078 0.3075 0.127937 0.019
0 0.835509 0.8025 0.0992167 0.017
0 0.238903 0.0975 0.193211 0.021
0 0.212141 0.7215 0.0848564 0.023
0 0.646867 0.7505 0.280679 0.023
0 0.150783 0.8345 0.199739 0.019
0 0.330287 0.8005 0.075718 0.017
0 0.130548 0.358 0.146214 0.02
0 0.608355 0.1245 0.16188 0.021
0 0.64752 0.3595 0.221932 0.021
0 0.36423 0.489 0.104439 0.018
0 0.158616 0.2545 0.204961 0.023
0 0.36423 0.4615 0.109661 0.019
0 0.659269 0.334 0.274151 0.022
0 0.110313 0.2805 0.108355 0.019
0 0.70235 0.9245 0.203655 0.023
0 0.622715 0.1515 0.185379 0.019
0 0.626632 0.1775 0.198433 0.021
0 0.58812 0.2295 0.124021 0.019
0 0.692559 0.7245 0.251958 0.021
0 0.370104 0.28 0.215405 0.018
0 0.60705 0.2035 0.16188 0.021
0 0.18799 0.2285 0.255875 0.019
0 0.117493 0.41 0.122715 0.02
0 0.601175 0.776 0.168407 0.022
0 0.605091 0.2825 0.163185 0.019
0 0.364882 0.724 0.150131 0.018
0 0.671018 0.412 0.300261 0.024
0 0.153394 0.072 0.191906 0.022
0 0.137076 0.332 0.151436 0.022
0 0.319191 0.8695 0.309399 0.021
0 0.124674 0.306 0.137076 0.018
0 0.134465 0.7735 0.159269 0.019
0 0.706266 0.867 0.45953 0.034
0 0.117493 0.4625 0.125326 0.019
0 0.656005 0.256 0.28329 0.022
0 0.284595 0.9335 0.214099 0.075
0 0.145561 0.4885 0.189295 0.021
0 0.179504 0.436 0.246736 0.022
0 0.18799 0.203 0.266319 0.018
