0 0.501326 0.305 0.0291777 0.008
0 0.440318 0.275 0.0557029 0.01
0 0.488064 0.8265 0.66313 0.021
0 0.568965 0.276 0.0424403 0.012
0 0.522546 0.2885 0.071618 0.013
0 0.419761 0.8055 0.51061 0.019
0 0.28183 0.476 0.0437666 0.018
0 0.535809 0.262 0.061008 0.012
0 0.471485 0.289 0.0490716 0.012
0 0.46817 0.2615 0.0636605 0.011
0 0.241379 0.2905 0.0795756 0.011
0 0.838859 0.289 0.0782493 0.012
0 0.159814 0.291 0.0835544 0.01
0 0.265915 0.518 0.0729443 0.018
0 0.102785 0.9565 0.0384615 0.013
0 0.762599 0.2895 0.0875332 0.013
0 0.372679 0.5585 0.0636605 0.019
0 0.265252 0.56 0.0769231 0.022
0 0.174403 0.662 0.118037 0.02
0 0.439655 0.516 0.197613 0.024
0 0.425729 0.475 0.185676 0.02
0 0.459549 0.7655 0.672414 0.025
0 0.551061 0.6175 0.407162 0.027
0 0.800398 0.954 0.208223 0.012
0 0.37931 0.9565 0.140584 0.013
0 0.451592 0.4355 0.22679 0.023
0 0.501326 0.1635 0.442971 0.027
0 0.498011 0.356 0.683024 0.06
0 0.503979 0.216 0.220159 0.054
0 0.766578 0.2605 0.233422 0.041
0 0.211538 0.265 0.187003 0.042
0 0.751326 0.501 0.237401 0.114
