0 0.152258 0.9295 0.0412903 0.019
0 0.35871 0.1645 0.0387097 0.017
0 0.354839 0.195 0.0258065 0.016
0 0.370323 0.6265 0.08 0.017
0 0.167742 0.445 0.0722581 0.016
0 0.172258 0.7175 0.083871 0.017
0 0.190968 0.2575 0.12129 0.015
0 0.186452 0.505 0.107097 0.016
0 0.191613 0.475 0.122581 0.016
0 0.314194 0.4425 0.083871 0.017
0 0.247097 0.197 0.127742 0.016
0 0.194839 0.597 0.126452 0.016
0 0.214839 0.6265 0.179355 0.017
0 0.243871 0.3515 0.219355 0.017
0 0.234839 0.1665 0.110968 0.019
0 0.204516 0.32 0.138065 0.016
0 0.419355 0.5955 0.157419 0.021
0 0.227097 0.135 0.20129 0.018
0 0.269677 0.4125 0.289032 0.017
0 0.207097 0.6575 0.145806 0.017
0 0.385806 0.535 0.232258 0.078
0 0.256129 0.228 0.153548 0.018
0 0.345806 0.4725 0.152258 0.017
0 0.412903 0.2575 0.273548 0.019
0 0.592903 0.364 0.452903 0.046
0 0.431613 0.32 0.285161 0.02
0 0.405806 0.6555 0.135484 0.019
0 0.45871 0.226 0.23871 0.02
0 0.498065 0.7305 0.64 0.047
