0 0.721485 0.495 0.233422 0.01
0 0.545756 0.1345 0.0596817 0.011
0 0.738064 0.153 0.0251989 0.012
0 0.53382 0.153 0.035809 0.012
0 0.818302 0.1165 0.0530504 0.011
0 0.469496 0.6405 0.111406 0.059
0 0.295756 0.934 0.0875332 0.018
0 0.480106 0.0775 0.185676 0.015
0 0.287798 0.883 0.103448 0.018
0 0.77321 0.078 0.214854 0.012
0 0.746021 0.134 0.0437666 0.012
0 0.303714 0.909 0.0742706 0.018
0 0.448939 0.934 0.12069 0.018
0 0.311008 0.831 0.0596817 0.018
0 0.533157 0.8565 0.299735 0.019
0 0.16313 0.1345 0.140584 0.015
0 0.287798 0.8575 0.103448 0.017
0 0.166446 0.1535 0.14191 0.015
0 0.720159 0.511 0.241379 0.016
0 0.430371 0.8305 0.0809019 0.019
0 0.523873 0.8825 0.289125 0.021
0 0.450928 0.908 0.124668 0.018
0 0.474801 0.765 0.29443 0.092
