0 0.0861399 0.188 0.0220207 0.014
0 0.673575 0.19 0.0233161 0.018
0 0.0757772 0.507 0.0246114 0.014
0 0.706606 0.191 0.0401554 0.016
0 0.615285 0.7135 0.0259067 0.013
0 0.196244 0.5235 0.0272021 0.011
0 0.145078 0.5225 0.0440415 0.013
0 0.505181 0.7125 0.0388601 0.013
0 0.253238 0.541 0.0272021 0.014
0 0.666451 0.2285 0.400259 0.021
0 0.553109 0.714 0.0440415 0.014
0 0.168394 0.6305 0.0880829 0.015
0 0.235104 0.68 0.239637 0.026
0 0.404793 0.2715 0.545337 0.019
0 0.145078 0.539 0.0336788 0.014
0 0.587435 0.21 0.141192 0.016
0 0.922927 0.566 0.0634715 0.014
0 0.92228 0.581 0.0647668 0.014
0 0.256477 0.524 0.0699482 0.014
0 0.921632 0.597 0.0634715 0.014
0 0.202073 0.5405 0.0647668 0.013
0 0.267487 0.2225 0.322539 0.017
0 0.20272 0.206 0.159326 0.014
0 0.335492 0.5265 0.0777202 0.015
0 0.920984 0.613 0.0647668 0.014
0 0.572539 0.1945 0.106218 0.015
0 0.188471 0.191 0.146373 0.016
0 0.321244 0.542 0.101036 0.016
0 0.395078 0.2095 0.209845 0.017
0 0.220855 0.711 0.205959 0.02
0 0.266839 0.617 0.316062 0.02
0 0.177461 0.5075 0.111399 0.015
0 0.739637 0.539 0.0569948 0.032
0 0.834845 0.542 0.0531088 0.032
0 0.21114 0.6005 0.189119 0.017
0 0.573187 0.6895 0.185233 0.031
0 0.836788 0.1125 0.15544 0.019
0 0.744819 0.1465 0.121762 0.017
0 0.871762 0.697 0.176166 0.034
0 0.779793 0.179 0.196891 0.018
0 0.210492 0.8195 0.198187 0.031
0 0.548575 0.537 0.0505181 0.03
0 0.637953 0.5375 0.0660622 0.031
0 0.444948 0.5355 0.0531088 0.031
0 0.371762 0.1865 0.189119 0.021
0 0.639896 0.3885 0.132124 0.031
0 0.493523 0.1065 0.297927 0.063
0 0.220855 0.386 0.195596 0.046
