0 0.112861 0.8495 0.0209974 0.009
0 0.550525 0.1795 0.494751 0.017
0 0.513123 0.1 0.519685 0.018
0 0.473753 0.065 0.28084 0.022
0 0.76378 0.415 0.0183727 0.012
0 0.428478 0.716 0.33727 0.028
0 0.396325 0.7525 0.286089 0.037
0 0.133202 0.4165 0.0564304 0.013
0 0.699475 0.1305 0.015748 0.013
0 0.80643 0.1475 0.019685 0.013
0 0.633858 0.164 0.023622 0.012
0 0.262467 0.1155 0.0524934 0.013
0 0.703412 0.085 0.0288714 0.012
0 0.62336 0.698 0.0419948 0.014
0 0.744094 0.1315 0.023622 0.013
0 0.133202 0.195 0.0616798 0.014
0 0.624016 0.729 0.0433071 0.014
0 0.744751 0.1475 0.0223097 0.011
0 0.638451 0.147 0.0275591 0.012
0 0.207349 0.8345 0.0813648 0.013
0 0.638451 0.132 0.0275591 0.012
0 0.62336 0.6675 0.0419948 0.013
0 0.125328 0.867 0.0459318 0.01
0 0.432415 0.148 0.0748032 0.014
0 0.552493 0.512 0.107612 0.014
0 0.723753 0.289 0.0380577 0.012
0 0.132546 0.834 0.0577428 0.014
0 0.624016 0.7585 0.0433071 0.015
0 0.304462 0.775 0.0892388 0.014
0 0.624016 0.6385 0.0406824 0.013
0 0.37664 0.6355 0.262467 0.035
0 0.242782 0.227 0.0629921 0.014
0 0.211286 0.8475 0.0839895 0.013
0 0.448163 0.035 0.33727 0.016
0 0.562992 0.2415 0.0446194 0.013
0 0.524278 0.305 0.171916 0.016
0 0.290026 0.6555 0.0524934 0.015
0 0.133858 0.4965 0.0603675 0.013
0 0.681759 0.2415 0.0564304 0.013
0 0.744751 0.368 0.0485564 0.014
0 0.222441 0.1795 0.234908 0.017
0 0.151575 0.9675 0.30315 0.029
0 0.132546 0.3525 0.0603675 0.015
0 0.650262 0.804 0.0879265 0.014
0 0.648294 0.789 0.0892388 0.018
0 0.156168 0.6995 0.102362 0.015
0 0.324803 0.352 0.0538058 0.014
0 0.437664 0.5925 0.0800525 0.013
0 0.742126 0.4955 0.0590551 0.015
0 0.170604 0.242 0.136483 0.016
0 0.681759 0.2255 0.0800525 0.015
0 0.324803 0.305 0.0485564 0.014
0 0.725722 0.56 0.173228 0.018
0 0.74147 0.336 0.0577428 0.014
0 0.452756 0.2265 0.0577428 0.015
0 0.324803 0.415 0.0564304 0.016
0 0.778871 0.0855 0.0669291 0.013
0 0.325459 0.4955 0.0551181 0.015
0 0.562336 0.2575 0.0433071 0.013
0 0.442257 0.2575 0.0524934 0.013
0 0.568898 0.2255 0.0800525 0.015
0 0.74147 0.3045 0.0551181 0.013
0 0.561024 0.369 0.0931759 0.016
0 0.444882 0.4175 0.0918635 0.013
0 0.485564 0.132 0.181102 0.014
0 0.15748 0.4005 0.110236 0.017
0 0.137795 0.29 0.0761155 0.014
0 0.74147 0.4635 0.0577428 0.015
0 0.682415 0.2575 0.0551181 0.013
0 0.470472 0.1635 0.190289 0.015
0 0.146982 0.1025 0.0892388 0.013
0 0.284121 0.0855 0.0984252 0.015
0 0.160105 0.4805 0.115486 0.015
0 0.139108 0.3375 0.0787402 0.015
0 0.155512 0.6695 0.106299 0.015
0 0.704724 0.633 0.112861 0.028
0 0.158136 0.76 0.108924 0.016
0 0.465879 0.5755 0.144357 0.017
0 0.527559 0.385 0.167979 0.016
0 0.152231 0.132 0.0997375 0.014
0 0.146982 0.5605 0.0918635 0.015
0 0.719816 0.6605 0.0984252 0.033
0 0.155512 0.73 0.106299 0.016
0 0.560367 0.544 0.0944882 0.016
0 0.173228 0.258 0.144357 0.016
0 0.559055 0.4645 0.0971129 0.015
0 0.154199 0.639 0.108924 0.016
0 0.538714 0.496 0.132546 0.014
0 0.28084 0.132 0.0918635 0.014
0 0.790682 0.219 0.0695538 0.026
0 0.44357 0.2415 0.0551181 0.013
0 0.164042 0.465 0.12336 0.016
0 0.517717 0.29 0.190289 0.016
0 0.515092 0.337 0.185039 0.016
0 0.774278 0.8675 0.146982 0.023
0 0.213911 0.593 0.23622 0.016
0 0.714567 0.7245 0.0879265 0.027
0 0.493438 0.4325 0.194226 0.017
0 0.189633 0.576 0.185039 0.014
0 0.727034 0.5435 0.141732 0.015
0 0.167979 0.3055 0.131234 0.015
