0 0.119423 0.632 0.015748 0.016
0 0.451444 0.633 0.582677 0.026
0 0.410761 0.2625 0.582677 0.019
0 0.142388 0.846 0.0511811 0.01
0 0.419291 0.805 0.0643045 0.016
0 0.341864 0.165 0.108924 0.014
0 0.432415 0.512 0.591864 0.046
0 0.32874 0.1475 0.0748032 0.013
0 0.391076 0.469 0.136483 0.016
0 0.600394 0.7235 0.261155 0.019
0 0.713255 0.88 0.145669 0.018
0 0.221129 0.775 0.208661 0.014
0 0.183071 0.167 0.166667 0.014
0 0.544619 0.681 0.414698 0.036
0 0.371391 0.1815 0.160105 0.015
0 0.597113 0.4675 0.259843 0.017
0 0.481627 0.8265 0.183727 0.017
0 0.195538 0.8075 0.160105 0.015
0 0.414042 0.3085 0.526247 0.051
0 0.152231 0.959 0.304462 0.018
0 0.173228 0.232 0.144357 0.014
0 0.238845 0.828 0.249344 0.018
0 0.39895 0.726 0.136483 0.016
0 0.180446 0.1495 0.169291 0.015
0 0.532808 0.4275 0.427822 0.043
0 0.437008 0.365 0.540682 0.038
0 0.435039 0.58 0.589239 0.052
0 0.450787 0.08 0.479003 0.046
