0 0.274256 0.5775 0.0413972 0.015
0 0.92238 0.96 0.0853816 0.016
0 0.791721 0.8955 0.155239 0.023
0 0.781371 0.0405 0.119017 0.017
0 0.313066 0.186 0.103493 0.018
0 0.769728 0.5345 0.113842 0.015
0 0.147477 0.5325 0.0957309 0.027
0 0.121604 0.2305 0.100906 0.015
0 0.137775 0.118 0.133247 0.016
0 0.617723 0.0455 0.112549 0.017
0 0.33053 0.228 0.135834 0.018
0 0.159767 0.0635 0.174644 0.019
0 0.14295 0.1875 0.141009 0.017
0 0.532988 0.1135 0.571798 0.021
0 0.368693 0.2685 0.217335 0.019
0 0.442432 0.528 0.121604 0.03
0 0.146831 0.9605 0.27555 0.019
0 0.723803 0.2845 0.244502 0.017
0 0.159767 0.2715 0.179819 0.017
