0 0.737533 0.52 0.0787402 0.014
0 0.720472 0.3425 0.0393701 0.011
0 0.314304 0.7955 0.190289 0.029
0 0.637795 0.208 0.0183727 0.016
0 0.36811 0.692 0.106299 0.016
0 0.423228 0.213 0.129921 0.016
0 0.729659 0.5745 0.102362 0.017
0 0.312992 0.3615 0.0905512 0.015
0 0.711286 0.6825 0.120735 0.021
0 0.142388 0.8075 0.0301837 0.011
0 0.574803 0.689 0.0419948 0.012
0 0.576115 0.7165 0.0393701 0.013
0 0.52231 0.2375 0.0603675 0.013
0 0.46063 0.417 0.107612 0.014
0 0.573491 0.662 0.0393701 0.012
0 0.572835 0.635 0.0406824 0.012
0 0.299213 0.6815 0.115486 0.013
0 0.717192 0.0575 0.0354331 0.015
0 0.57874 0.4545 0.015748 0.013
0 0.16601 0.792 0.0800525 0.012
0 0.723097 0.3585 0.102362 0.013
0 0.528215 0.2105 0.0748032 0.015
0 0.386483 0.663 0.26378 0.022
0 0.57874 0.7445 0.0446194 0.013
0 0.698163 0.631 0.0944882 0.018
0 0.502625 0.429 0.191601 0.018
0 0.527559 0.183 0.0761155 0.016
0 0.181759 0.6415 0.122047 0.015
0 0.298556 0.215 0.0695538 0.01
0 0.301181 0.708 0.119423 0.014
0 0.160761 0.095 0.106299 0.016
0 0.572835 0.799 0.10105 0.014
0 0.154199 0.1635 0.0826772 0.015
0 0.150919 0.9725 0.301837 0.025
0 0.782808 0.863 0.153543 0.024
0 0.191601 0.8735 0.12336 0.015
0 0.167323 0.3595 0.103675 0.025
0 0.182415 0.724 0.110236 0.014
0 0.689633 0.796 0.0853018 0.014
0 0.150262 0.2725 0.0774278 0.013
0 0.301837 0.736 0.12336 0.014
0 0.166667 0.135 0.110236 0.016
0 0.735564 0.385 0.0800525 0.014
0 0.456037 0.4575 0.0984252 0.013
0 0.343832 0.6345 0.220472 0.025
0 0.715223 0.656 0.144357 0.024
0 0.181759 0.752 0.111549 0.014
0 0.181759 0.669 0.111549 0.014
0 0.251969 0.243 0.283465 0.016
0 0.755249 0.2065 0.116798 0.015
0 0.182415 0.3945 0.128609 0.013
0 0.270997 0.1885 0.318898 0.017
0 0.519029 0.347 0.234908 0.012
0 0.46063 0.13 0.417323 0.016
0 0.378609 0.8315 0.279528 0.043
0 0.519029 0.47 0.224409 0.014
0 0.484908 0.362 0.150919 0.014
0 0.520997 0.3885 0.228346 0.015
0 0.463255 0.2935 0.144357 0.013
0 0.718504 0.824 0.137795 0.016
0 0.462598 0.5275 0.111549 0.013
0 0.232283 0.0655 0.11811 0.017
0 0.191601 0.422 0.149606 0.014
0 0.178478 0.217 0.136483 0.016
0 0.456693 0.048 0.225722 0.016
0 0.182415 0.6965 0.112861 0.015
0 0.738189 0.412 0.0826772 0.014
0 0.293307 0.0925 0.132546 0.015
0 0.490157 0.5805 0.153543 0.015
0 0.299869 0.1605 0.161417 0.015
0 0.579396 0.8265 0.111549 0.013
