0 0.553806 0.39 0.0997375 0.016
0 0.490157 0.697 0.505249 0.018
0 0.740157 0.164 0.0787402 0.024
0 0.570866 0.3245 0.0209974 0.015
0 0.0866142 0.8975 0.0866142 0.013
0 0.298556 0.3965 0.0301837 0.015
0 0.532808 0.324 0.0524934 0.014
0 0.336614 0.3965 0.0301837 0.015
0 0.807743 0.1665 0.0669291 0.017
0 0.46916 0.596 0.686352 0.028
0 0.740157 0.3985 0.0708661 0.017
0 0.265748 0.3255 0.0643045 0.017
0 0.764436 0.895 0.111549 0.014
0 0.690289 0.3565 0.0419948 0.017
0 0.787402 0.8755 0.291339 0.059
0 0.107612 0.3565 0.0682415 0.013
0 0.58399 0.1365 0.0524934 0.015
0 0.282808 0.2935 0.0984252 0.015
0 0.557743 0.3565 0.107612 0.013
0 0.506562 0.1405 0.0524934 0.013
0 0.114829 0.201 0.0774278 0.014
0 0.406168 0.4995 0.463255 0.019
0 0.235564 0.167 0.0669291 0.016
0 0.15748 0.4275 0.16273 0.017
0 0.116798 0.3235 0.0918635 0.017
0 0.518373 0.1705 0.0761155 0.015
0 0.751969 0.2005 0.0944882 0.015
0 0.12336 0.4995 0.0971129 0.015
0 0.251312 0.1935 0.135171 0.017
0 0.446194 0.729 0.766404 0.042
0 0.154856 0.3995 0.160105 0.019
0 0.541339 0.2315 0.119423 0.013
0 0.620735 0.168 0.107612 0.016
0 0.542651 0.2005 0.124672 0.015
0 0.153543 0.9725 0.307087 0.025
0 0.582021 0.396 0.169291 0.024
0 0.263123 0.3545 0.158793 0.019
0 0.490157 0.258 0.135171 0.016
0 0.357612 0.4275 0.227034 0.017
0 0.120079 0.1705 0.0931759 0.015
0 0.257218 0.1385 0.199475 0.017
0 0.473753 0.542 0.750656 0.058
0 0.164698 0.696 0.177165 0.016
0 0.484252 0.0685 0.538058 0.043
