0 0.524934 0.122 0.107612 0.016
0 0.712598 0.2345 0.257218 0.019
0 0.127297 0.1045 0.125984 0.021
0 0.734908 0.1115 0.0813648 0.011
0 0.231627 0.279 0.156168 0.014
0 0.23294 0.3905 0.0223097 0.013
0 0.243438 0.262 0.187664 0.022
0 0.286745 0.2325 0.245407 0.015
0 0.695538 0.309 0.288714 0.016
0 0.15748 0.318 0.0787402 0.012
0 0.572835 0.853 0.182415 0.014
0 0.178478 0.3915 0.0367454 0.011
0 0.417323 0.3255 0.0813648 0.011
0 0.377297 0.3865 0.0485564 0.013
0 0.62664 0.3305 0.0564304 0.015
0 0.253281 0.3905 0.0314961 0.011
0 0.082021 0.167 0.0433071 0.012
0 0.103675 0.3185 0.0262467 0.011
0 0.401575 0.3375 0.115486 0.013
0 0.511155 0.118 0.0774278 0.01
0 0.329396 0.219 0.356955 0.014
0 0.711286 0.2235 0.259843 0.013
0 0.243438 0.2525 0.17979 0.015
0 0.158136 0.343 0.0958005 0.012
0 0.919291 0.47 0.0328084 0.036
0 0.10958 0.209 0.0328084 0.01
0 0.422572 0.35 0.0656168 0.01
0 0.182415 0.329 0.0839895 0.014
0 0.420604 0.069 0.0406824 0.014
0 0.395013 0.1345 0.0761155 0.011
0 0.910761 0.113 0.0419948 0.036
0 0.399606 0.3125 0.106299 0.011
0 0.185696 0.3545 0.0748032 0.013
0 0.514436 0.323 0.0629921 0.01
0 0.125984 0.0945 0.136483 0.021
0 0.111549 0.3005 0.0367454 0.011
0 0.10105 0.195 0.0734908 0.012
0 0.276247 0.3525 0.0643045 0.011
0 0.442913 0.2475 0.150919 0.013
0 0.530184 0.13 0.112861 0.014
0 0.100394 0.394 0.0485564 0.012
0 0.10958 0.863 0.0459318 0.01
0 0.637795 0.2565 0.0866142 0.011
0 0.775591 0.849 0.0262467 0.01
0 0.276247 0.3275 0.0669291 0.011
0 0.391732 0.121 0.0695538 0.012
0 0.512467 0.348 0.0721785 0.01
0 0.44357 0.2615 0.144357 0.015
0 0.799869 0.864 0.0590551 0.014
0 0.644357 0.3835 0.220472 0.015
0 0.204724 0.407 0.272966 0.012
0 0.134514 0.38 0.132546 0.012
0 0.150919 0.9685 0.301837 0.027
0 0.744094 0.096 0.15748 0.012
0 0.791339 0.081 0.0918635 0.014
0 0.227034 0.299 0.149606 0.012
0 0.271654 0.8795 0.286089 0.015
0 0.213911 0.2065 0.136483 0.013
0 0.610236 0.874 0.299213 0.034
0 0.58727 0.369 0.177165 0.014
0 0.748031 0.1245 0.154856 0.013
0 0.287402 0.1725 0.370079 0.015
0 0.463911 0.4405 0.7021 0.061
0 0.471129 0.529 0.724409 0.102
0 0.169948 0.78 0.17979 0.012
