0 0.133858 0.5075 0.023622 0.013
0 0.135827 0.538 0.0249344 0.012
0 0.16273 0.5095 0.0209974 0.013
0 0.695538 0.123 0.0314961 0.014
0 0.175197 0.1675 0.0800525 0.015
0 0.17126 0.1115 0.0669291 0.017
0 0.756562 0.1235 0.0800525 0.015
0 0.650262 0.3355 0.132546 0.017
0 0.529528 0.1475 0.0590551 0.015
0 0.660105 0.1785 0.0734908 0.017
0 0.276903 0.1425 0.0682415 0.015
0 0.177822 0.1395 0.0826772 0.015
0 0.606299 0.1205 0.0708661 0.017
0 0.434383 0.0705 0.67979 0.025
0 0.177822 0.19 0.0958005 0.016
0 0.153543 0.9685 0.307087 0.029
0 0.171916 0.29 0.0918635 0.018
0 0.272966 0.17 0.11811 0.016
0 0.183071 0.2525 0.116798 0.017
0 0.616142 0.15 0.0826772 0.014
0 0.636483 0.3135 0.104987 0.017
0 0.305774 0.1135 0.178478 0.017
0 0.761811 0.316 0.111549 0.016
0 0.843176 0.0745 0.127297 0.031
0 0.277559 0.233 0.127297 0.018
0 0.56168 0.174 0.128609 0.016
0 0.225722 0.5515 0.120735 0.045
0 0.44357 0.4075 0.64042 0.065
