0 0.471785 0.1895 0.17979 0.017
0 0.651575 0.2205 0.0433071 0.011
0 0.58399 0.729 0.125984 0.016
0 0.197507 0.6095 0.10105 0.011
0 0.369423 0.1845 0.019685 0.011
0 0.611549 0.6605 0.167979 0.015
0 0.156824 0.214 0.0223097 0.016
0 0.231627 0.1985 0.108924 0.013
0 0.614829 0.196 0.019685 0.016
0 0.463255 0.803 0.774278 0.02
0 0.574803 0.704 0.110236 0.012
0 0.173885 0.679 0.0800525 0.016
0 0.58727 0.7845 0.484252 0.017
0 0.395669 0.649 0.195538 0.014
0 0.260499 0.622 0.198163 0.014
0 0.652231 0.236 0.0393701 0.01
0 0.440289 0.2525 0.0984252 0.013
0 0.194226 0.637 0.112861 0.012
0 0.21063 0.227 0.0669291 0.014
0 0.647638 0.2225 0.0275591 0.011
0 0.565617 0.718 0.0629921 0.012
0 0.650919 0.195 0.0393701 0.012
0 0.288058 0.132 0.0433071 0.014
0 0.200131 0.1335 0.108924 0.015
0 0.729003 0.618 0.0905512 0.012
0 0.578084 0.6755 0.143045 0.013
0 0.456693 0.265 0.133858 0.014
0 0.582677 0.634 0.152231 0.014
0 0.240157 0.1695 0.128609 0.015
0 0.194226 0.1165 0.0997375 0.013
0 0.475722 0.1825 0.143045 0.013
0 0.658793 0.1275 0.0603675 0.015
0 0.656824 0.2085 0.0564304 0.013
0 0.232283 0.1865 0.110236 0.013
0 0.59252 0.6195 0.171916 0.013
0 0.475066 0.196 0.165354 0.014
0 0.174541 0.1535 0.0629921 0.013
0 0.151575 0.9675 0.30315 0.027
0 0.614829 0.647 0.17979 0.014
0 0.456037 0.238 0.127297 0.014
0 0.616142 0.6055 0.190289 0.015
0 0.349738 0.6785 0.295276 0.017
0 0.245407 0.299 0.209974 0.014
0 0.66273 0.109 0.0629921 0.014
0 0.356299 0.608 0.195538 0.012
0 0.377297 0.635 0.224409 0.014
0 0.255906 0.8515 0.267717 0.011
0 0.581365 0.746 0.0997375 0.012
0 0.48622 0.223 0.190289 0.016
0 0.666667 0.1815 0.0708661 0.013
0 0.425853 0.4385 0.547244 0.017
0 0.564304 0.1295 0.11811 0.015
0 0.184383 0.708 0.103675 0.014
0 0.695538 0.0775 0.110236 0.015
0 0.248688 0.2135 0.135171 0.015
0 0.349081 0.706 0.215223 0.016
0 0.19685 0.083 0.104987 0.014
0 0.664042 0.689 0.259843 0.016
0 0.723097 0.674 0.139108 0.014
0 0.566273 0.111 0.127297 0.014
0 0.454068 0.2105 0.131234 0.013
0 0.567585 0.078 0.132546 0.014
0 0.566273 0.591 0.111549 0.016
0 0.290682 0.1145 0.0748032 0.015
0 0.220472 0.317 0.146982 0.014
0 0.765748 0.659 0.106299 0.014
0 0.459974 0.528 0.114173 0.018
0 0.212598 0.651 0.146982 0.014
0 0.236877 0.7885 0.21916 0.015
0 0.324147 0.08 0.12336 0.016
0 0.215223 0.693 0.12336 0.014
0 0.715879 0.1635 0.0931759 0.015
0 0.734908 0.6325 0.160105 0.015
0 0.721785 0.7025 0.183727 0.015
0 0.759186 0.603 0.0853018 0.012
0 0.748031 0.7305 0.173228 0.015
0 0.190289 0.5945 0.125984 0.013
0 0.21916 0.2405 0.0944882 0.013
0 0.235564 0.5125 0.192913 0.017
0 0.209974 0.413 0.131234 0.014
0 0.471129 0.165 0.131234 0.016
0 0.474409 0.3345 0.631234 0.029
0 0.474409 0.03 0.271654 0.036
