0 0.0918635 0.307 0.0262467 0.01
0 0.239501 0.456 0.019685 0.014
0 0.733596 0.3525 0.0472441 0.017
0 0.0925197 0.4575 0.0380577 0.015
0 0.101706 0.168 0.0643045 0.016
0 0.0971129 0.246 0.0498688 0.014
0 0.699475 0.5295 0.0419948 0.015
0 0.177822 0.1285 0.0433071 0.015
0 0.129921 0.8255 0.0971129 0.015
0 0.152887 0.968 0.305774 0.028
0 0.104987 0.129 0.0708661 0.018
0 0.182415 0.2455 0.0656168 0.015
0 0.57021 0.333 0.0695538 0.032
0 0.375328 0.2005 0.354331 0.027
0 0.472441 0.688 0.0892388 0.016
0 0.701444 0.6845 0.0406824 0.017
0 0.116142 0.399 0.0826772 0.016
0 0.158136 0.6915 0.0721785 0.015
0 0.144357 0.515 0.136483 0.016
0 0.114829 0.3425 0.0853018 0.015
0 0.760499 0.0445 0.200787 0.061
0 0.127297 0.2065 0.115486 0.017
0 0.232283 0.066 0.325459 0.066
0 0.466535 0.532 0.0931759 0.016
0 0.151575 0.6705 0.150919 0.017
0 0.78937 0.0915 0.119423 0.039
0 0.343832 0.705 0.2021 0.14
0 0.5 0.822 0.149606 0.016
0 0.309055 0.3395 0.161417 0.019
0 0.142388 0.284 0.145669 0.016
0 0.209974 0.167 0.110236 0.016
0 0.299869 0.283 0.143045 0.016
0 0.317585 0.398 0.188976 0.018
0 0.177165 0.5695 0.115486 0.065
0 0.782152 0.819 0.191601 0.018
0 0.494751 0.5615 0.139108 0.039
0 0.639108 0.2465 0.0734908 0.037
0 0.739501 0.5555 0.122047 0.045
