0 0.145669 0.4175 0.0262467 0.013
0 0.696194 0.161 0.0223097 0.014
0 0.694882 0.1445 0.0170604 0.013
0 0.125328 0.8935 0.0275591 0.013
0 0.30643 0.577 0.0774278 0.018
0 0.629921 0.504 0.015748 0.012
0 0.635827 0.711 0.0459318 0.016
0 0.740157 0.143 0.0288714 0.012
0 0.149606 0.3505 0.120735 0.015
0 0.125984 0.3685 0.0577428 0.013
0 0.742126 0.16 0.0249344 0.012
0 0.632546 0.1455 0.0314961 0.013
0 0.635171 0.6815 0.0446194 0.015
0 0.633858 0.1615 0.0314961 0.013
0 0.698163 0.096 0.0288714 0.012
0 0.559055 0.2435 0.0446194 0.013
0 0.635827 0.7405 0.0459318 0.017
0 0.135827 0.913 0.0459318 0.01
0 0.637139 0.7705 0.0459318 0.015
0 0.141076 0.8785 0.0616798 0.015
0 0.237533 0.496 0.272966 0.016
0 0.634514 0.651 0.0459318 0.016
0 0.217848 0.8765 0.0761155 0.013
0 0.761811 0.094 0.0695538 0.016
0 0.464567 0.0645 0.288714 0.023
0 0.664042 0.807 0.0971129 0.016
0 0.602362 0.471 0.0656168 0.014
0 0.287402 0.6745 0.0577428 0.015
0 0.606299 0.4875 0.0603675 0.015
0 0.776247 0.8045 0.0721785 0.015
0 0.159449 0.693 0.106299 0.014
0 0.680446 0.2415 0.0590551 0.015
0 0.447507 0.229 0.0577428 0.014
0 0.561024 0.227 0.0826772 0.016
0 0.16273 0.7825 0.112861 0.017
0 0.237533 0.8905 0.115486 0.015
0 0.248031 0.1055 0.0524934 0.013
0 0.161417 0.722 0.107612 0.016
0 0.425197 0.166 0.0761155 0.014
0 0.233596 0.2355 0.0682415 0.017
0 0.192257 0.5945 0.190289 0.015
0 0.644357 0.307 0.0577428 0.016
0 0.139764 0.1565 0.106299 0.015
0 0.150919 0.9685 0.301837 0.031
0 0.145013 0.253 0.111549 0.016
0 0.463911 0.0315 0.279528 0.015
0 0.195538 0.399 0.194226 0.018
0 0.664698 0.829 0.0931759 0.016
0 0.148294 0.58 0.0944882 0.016
0 0.160105 0.6615 0.110236 0.015
0 0.393701 0.793 0.270341 0.02
0 0.130577 0.1245 0.0931759 0.013
0 0.678478 0.225 0.0813648 0.016
0 0.277559 0.153 0.108924 0.016
0 0.16273 0.7525 0.110236 0.015
0 0.245407 0.5125 0.244094 0.017
0 0.790682 0.215 0.0695538 0.026
0 0.430446 0.246 0.0603675 0.016
0 0.627297 0.389 0.0787402 0.016
0 0.593832 0.4395 0.0800525 0.013
0 0.223097 0.6115 0.246719 0.015
0 0.747375 0.6725 0.0958005 0.029
0 0.458661 0.589 0.116798 0.016
0 0.631234 0.3395 0.0866142 0.015
0 0.372047 0.119 0.30315 0.018
0 0.398294 0.7315 0.295276 0.021
0 0.482283 0.148 0.185039 0.016
0 0.232283 0.448 0.286089 0.02
0 0.353018 0.651 0.2021 0.028
0 0.223097 0.48 0.259843 0.018
0 0.234252 0.3165 0.300525 0.019
0 0.385171 0.762 0.253281 0.018
0 0.735564 0.6425 0.0984252 0.029
0 0.467192 0.1815 0.199475 0.015
0 0.404199 0.688 0.299213 0.052
0 0.21063 0.204 0.242782 0.018
0 0.620079 0.6085 0.429134 0.037
