0 0.541339 0.151 0.0511811 0.012
0 0.685039 0.168 0.2021 0.016
0 0.716535 0.1595 0.283465 0.029
0 0.343832 0.15 0.223097 0.02
0 0.171916 0.8305 0.0918635 0.015
0 0.178478 0.1465 0.0656168 0.013
0 0.292651 0.163 0.125984 0.014
0 0.76706 0.0675 0.148294 0.089
0 0.181102 0.7755 0.110236 0.015
0 0.181759 0.411 0.0853018 0.016
0 0.206037 0.286 0.133858 0.016
0 0.150919 0.969 0.301837 0.028
0 0.500656 0.0805 0.145669 0.015
0 0.220472 0.4665 0.170604 0.017
0 0.28937 0.2585 0.305774 0.017
0 0.194226 0.5645 0.12336 0.015
0 0.251969 0.6915 0.24147 0.015
0 0.231627 0.607 0.208661 0.016
0 0.287402 0.37 0.301837 0.018
0 0.440945 0.1915 0.139108 0.017
0 0.247375 0.6495 0.248031 0.015
0 0.318898 0.121 0.133858 0.016
0 0.228346 0.314 0.183727 0.018
0 0.222441 0.3415 0.169291 0.017
0 0.245407 0.734 0.230971 0.016
0 0.246063 0.189 0.198163 0.018
0 0.821522 0.2665 0.217848 0.103
0 0.358924 0.7765 0.206037 0.015
0 0.297244 0.4385 0.287402 0.019
