0 0.708661 0.012 0.107612 0.014
0 0.428478 0.381 0.0354331 0.018
0 0.730971 0.1375 0.125984 0.025
0 0.37336 0.086 0.0380577 0.02
0 0.682415 0.2 0.0183727 0.014
0 0.115486 0.6315 0.0262467 0.009
0 0.664698 0.552 0.0406824 0.014
0 0.189633 0.243 0.0223097 0.01
0 0.465223 0.294 0.0249344 0.012
0 0.745407 0.549 0.0314961 0.012
0 0.755249 0.817 0.0144357 0.012
0 0.685696 0.188 0.0249344 0.014
0 0.345801 0.401 0.0249344 0.01
0 0.666667 0.8065 0.0419948 0.011
0 0.676509 0.3915 0.0380577 0.013
0 0.417323 0.222 0.0209974 0.01
0 0.110236 0.1885 0.0472441 0.013
0 0.492126 0.557 0.0262467 0.012
0 0.19685 0.1265 0.0367454 0.011
0 0.777559 0.185 0.019685 0.01
0 0.202756 0.0685 0.0406824 0.011
0 0.431759 0.4705 0.023622 0.011
0 0.429134 0.398 0.0262467 0.012
0 0.197507 0.3825 0.0590551 0.021
0 0.349081 0.473 0.023622 0.01
0 0.686352 0.569 0.0314961 0.012
0 0.603018 0.571 0.0511811 0.014
0 0.659449 0.792 0.0406824 0.012
0 0.410761 0.237 0.0288714 0.01
0 0.334646 0.801 0.0288714 0.01
0 0.42126 0.6245 0.0524934 0.011
0 0.593832 0.379 0.0328084 0.01
0 0.114829 0.2025 0.0538058 0.011
0 0.138451 0.619 0.0669291 0.01
0 0.593832 0.394 0.0406824 0.012
0 0.114829 0.1445 0.0538058 0.011
0 0.119423 0.0565 0.0761155 0.011
0 0.206037 0.1995 0.104987 0.013
0 0.410761 0.6105 0.0288714 0.009
0 0.428478 0.3765 0.0643045 0.023
0 0.596457 0.4655 0.0406824 0.013
0 0.512467 0.468 0.0354331 0.012
0 0.605643 0.8085 0.0695538 0.011
0 0.528871 0.573 0.0524934 0.012
0 0.162073 0.806 0.103675 0.012
0 0.36811 0.5165 0.122047 0.015
0 0.604331 0.794 0.0669291 0.012
0 0.128609 0.0705 0.0892388 0.011
0 0.785433 0.6435 0.0485564 0.011
0 0.337927 0.3275 0.507874 0.021
0 0.730315 0.9045 0.242782 0.017
0 0.532808 0.2335 0.0498688 0.011
0 0.356955 0.656 0.0656168 0.012
0 0.774278 0.374 0.0498688 0.012
0 0.724409 0.1715 0.11811 0.015
0 0.113517 0.2165 0.0511811 0.011
0 0.507218 0.6075 0.0590551 0.011
0 0.524278 0.6515 0.0643045 0.011
0 0.509186 0.3815 0.0498688 0.013
0 0.147638 0.8495 0.0695538 0.011
0 0.612861 0.822 0.0866142 0.012
0 0.678478 0.377 0.0603675 0.012
0 0.679134 0.464 0.0380577 0.012
0 0.793307 0.4605 0.0669291 0.013
0 0.440289 0.798 0.0721785 0.012
0 0.26706 0.2185 0.216535 0.031
0 0.246719 0.184 0.170604 0.014
0 0.606955 0.648 0.0485564 0.012
0 0.599738 0.619 0.0813648 0.012
0 0.124016 0.129 0.0721785 0.012
0 0.67979 0.507 0.0734908 0.014
0 0.138451 0.5225 0.0721785 0.011
0 0.187008 0.4045 0.171916 0.015
0 0.440945 0.653 0.0603675 0.012
0 0.57021 0.219 0.0406824 0.012
0 0.465223 0.266 0.434383 0.018
0 0.595144 0.1165 0.0905512 0.015
0 0.608924 0.278 0.12336 0.012
0 0.206693 0.583 0.114173 0.016
0 0.786089 0.3875 0.0734908 0.013
0 0.712598 0.113 0.144357 0.016
0 0.689633 0.646 0.0774278 0.012
0 0.279528 0.089 0.12336 0.024
0 0.791339 0.5035 0.0734908 0.013
0 0.152887 0.9725 0.305774 0.025
0 0.636483 0.078 0.0918635 0.024
0 0.160105 0.0185 0.170604 0.017
0 0.392388 0.016 0.160105 0.016
0 0.604331 0.604 0.0905512 0.012
0 0.158793 0.537 0.11811 0.014
0 0.50853 0.396 0.0406824 0.012
0 0.205381 0.289 0.232283 0.018
0 0.161417 0.4355 0.0971129 0.015
0 0.303806 0.8445 0.240157 0.015
0 0.165354 0.9145 0.15748 0.017
0 0.513123 0.621 0.0708661 0.012
0 0.144357 0.567 0.0839895 0.012
0 0.211942 0.6605 0.0853018 0.013
0 0.274934 0.534 0.0984252 0.014
0 0.363517 0.561 0.110236 0.014
0 0.345801 0.379 0.0616798 0.026
0 0.416667 0.0615 0.200787 0.013
0 0.540026 0.081 0.0853018 0.024
0 0.462598 0.1285 0.124672 0.029
0 0.19357 0.477 0.200787 0.016
