0 0.234908 0.47 0.0183727 0.01
0 0.198819 0.47 0.0275591 0.012
0 0.652231 0.524 0.0314961 0.01
0 0.214567 0.3835 0.0590551 0.013
0 0.246719 0.5285 0.0524934 0.013
0 0.2021 0.311 0.0341207 0.012
0 0.26706 0.222 0.0301837 0.012
0 0.208005 0.2535 0.0459318 0.013
0 0.652231 0.638 0.0314961 0.012
0 0.245407 0.6415 0.0603675 0.011
0 0.214567 0.427 0.0590551 0.01
0 0.265092 0.253 0.0446194 0.012
0 0.314304 0.438 0.129921 0.02
0 0.261155 0.3105 0.0524934 0.011
0 0.24147 0.626 0.107612 0.012
0 0.326115 0.3395 0.0485564 0.013
0 0.48294 0.527 0.0708661 0.012
0 0.49147 0.5485 0.0616798 0.025
0 0.222441 0.7405 0.0748032 0.013
0 0.48294 0.64 0.0682415 0.01
0 0.229659 0.1925 0.0813648 0.023
0 0.240157 0.34 0.0971129 0.012
0 0.211942 0.2235 0.0511811 0.013
0 0.152231 0.967 0.304462 0.03
0 0.356955 0.1635 0.16273 0.027
0 0.28937 0.383 0.0721785 0.014
0 0.239501 0.513 0.106299 0.012
0 0.725066 0.1775 0.108924 0.079
0 0.502625 0.738 0.110236 0.014
0 0.227034 0.282 0.0866142 0.012
0 0.685696 0.544 0.0853018 0.028
0 0.288714 0.5445 0.107612 0.031
0 0.709974 0.7355 0.141732 0.013
0 0.381234 0.2805 0.200787 0.013
