0 0.360236 0.4645 0.389764 0.015
0 0.345801 0.4815 0.371391 0.017
0 0.507218 0.676 0.565617 0.016
0 0.586614 0.745 0.540682 0.022
0 0.534121 0.6435 0.435696 0.017
0 0.166667 0.4645 0.0209974 0.013
0 0.166667 0.45 0.0183727 0.012
0 0.164698 0.4985 0.0223097 0.015
0 0.292651 0.212 0.015748 0.014
0 0.188976 0.583 0.0577428 0.012
0 0.0511811 0.958 0.102362 0.016
0 0.165354 0.481 0.0209974 0.012
0 0.503281 0.7975 0.717848 0.035
0 0.187664 0.567 0.0577428 0.012
0 0.498031 0.499 0.549869 0.016
0 0.265092 0.55 0.0393701 0.014
0 0.189633 0.597 0.0564304 0.014
0 0.188976 0.6135 0.0603675 0.015
0 0.549869 0.613 0.404199 0.016
0 0.178478 0.5505 0.0446194 0.013
0 0.265092 0.565 0.0341207 0.012
0 0.179134 0.677 0.0459318 0.016
0 0.255249 0.361 0.177165 0.016
0 0.708661 0.212 0.0419948 0.012
0 0.786089 0.2125 0.0656168 0.013
0 0.435696 0.261 0.0498688 0.012
0 0.295932 0.5965 0.0931759 0.015
0 0.276247 0.613 0.0590551 0.012
0 0.282152 0.628 0.0629921 0.012
0 0.358924 0.3955 0.269029 0.017
0 0.284121 0.6435 0.0695538 0.015
0 0.298556 0.5815 0.0984252 0.017
0 0.152887 0.9725 0.305774 0.023
0 0.793963 0.1215 0.0682415 0.039
0 0.309055 0.245 0.0459318 0.012
0 0.195538 0.3965 0.0761155 0.015
0 0.244751 0.5335 0.17979 0.015
0 0.230315 0.6935 0.143045 0.013
0 0.217848 0.2115 0.107612 0.015
0 0.21063 0.3105 0.114173 0.015
0 0.457349 0.2445 0.0905512 0.013
0 0.747375 0.3165 0.171916 0.025
0 0.33399 0.2615 0.0879265 0.013
0 0.307743 0.277 0.0433071 0.012
0 0.484908 0.3605 0.274278 0.017
0 0.229659 0.4325 0.133858 0.015
0 0.211942 0.2455 0.106299 0.015
0 0.412073 0.692 0.220472 0.016
0 0.278871 0.7275 0.248031 0.015
0 0.375984 0.3195 0.177165 0.033
0 0.58727 0.311 0.135171 0.014
0 0.505906 0.166 0.410761 0.02
