0 0.312992 0.6115 0.455381 0.019
0 0.182415 0.7835 0.107612 0.013
0 0.235564 0.4065 0.0170604 0.013
0 0.316929 0.6255 0.450131 0.019
0 0.47769 0.742 0.64042 0.026
0 0.26378 0.5035 0.023622 0.013
0 0.747375 0.5665 0.019685 0.013
0 0.187664 0.5035 0.139108 0.015
0 0.201444 0.273 0.0538058 0.014
0 0.477034 0.803 0.688976 0.028
0 0.56168 0.612 0.493438 0.018
0 0.175853 0.407 0.125984 0.016
0 0.585958 0.565 0.353018 0.02
0 0.139764 0.273 0.0538058 0.014
0 0.480315 0.6755 0.632546 0.019
0 0.278871 0.6585 0.358268 0.017
0 0.151575 0.9655 0.30315 0.031
0 0.216535 0.535 0.217848 0.016
0 0.213911 0.307 0.194226 0.018
0 0.227034 0.7065 0.24147 0.015
0 0.25853 0.566 0.309711 0.018
0 0.632546 0.658 0.362205 0.018
0 0.397638 0.273 0.322835 0.018
0 0.223097 0.1605 0.0734908 0.015
0 0.731627 0.2245 0.0853018 0.013
0 0.389108 0.307 0.137795 0.014
0 0.286089 0.193 0.0839895 0.016
0 0.172572 0.2245 0.111549 0.015
0 0.337927 0.2325 0.166667 0.029
0 0.53937 0.5355 0.412073 0.017
0 0.166667 0.193 0.0997375 0.016
0 0.599738 0.225 0.120735 0.012
0 0.153543 0.3735 0.0839895 0.015
0 0.463911 0.093 0.418635 0.02
0 0.182415 0.341 0.139108 0.018
0 0.226378 0.4505 0.248031 0.039
