0 0.0774278 0.168 0.0393701 0.01
0 0.0511811 0.168 0.0472441 0.01
0 0.161417 0.5425 0.023622 0.011
0 0.431102 0.261 0.0170604 0.01
0 0.190945 0.543 0.0249344 0.012
0 0.379921 0.262 0.0249344 0.01
0 0.0380577 0.221 0.0209974 0.012
0 0.602362 0.2175 0.0603675 0.017
0 0.329396 0.1935 0.0341207 0.013
0 0.492126 0.2155 0.0603675 0.013
0 0.722441 0.2165 0.0695538 0.013
0 0.078084 0.222 0.0564304 0.012
0 0.190289 0.2215 0.0839895 0.011
0 0.370735 0.2205 0.0669291 0.009
0 0.0807087 0.194 0.0958005 0.014
0 0.660761 0.861 0.0406824 0.012
0 0.316929 0.6055 0.0748032 0.015
0 0.326772 0.4015 0.0866142 0.013
0 0.78084 0.5415 0.0551181 0.013
0 0.393045 0.547 0.0485564 0.01
0 0.0603675 0.7545 0.0603675 0.011
0 0.475066 0.16 0.0577428 0.014
0 0.0656168 0.017 0.0813648 0.014
0 0.0551181 0.861 0.0393701 0.012
0 0.475066 0.5425 0.0551181 0.013
0 0.684383 0.167 0.0958005 0.012
0 0.757218 0.857 0.0682415 0.014
0 0.776903 0.1585 0.0682415 0.015
0 0.180446 0.1625 0.0590551 0.015
0 0.392388 0.167 0.0498688 0.01
0 0.809711 0.221 0.0734908 0.012
0 0.0590551 0.0825 0.0734908 0.013
0 0.179134 0.262 0.313648 0.016
0 0.656824 0.5755 0.0564304 0.013
0 0.0793963 0.402 0.0695538 0.014
0 0.819554 0.5755 0.124672 0.015
0 0.656168 0.4005 0.0551181 0.013
0 0.326772 0.5765 0.0866142 0.013
0 0.0597113 0.547 0.0695538 0.012
0 0.49147 0.4 0.0984252 0.014
0 0.150262 0.9665 0.2979 0.031
0 0.0879265 0.2775 0.136483 0.013
0 0.299213 0.46 0.0734908 0.014
0 0.0643045 0.638 0.0839895 0.014
0 0.0885827 0.6035 0.132546 0.027
0 0.684383 0.547 0.0958005 0.012
0 0.242126 0.135 0.185039 0.016
0 0.0800525 0.576 0.0734908 0.014
0 0.82021 0.4 0.120735 0.012
0 0.299213 0.4285 0.0761155 0.015
0 0.085958 0.457 0.119423 0.014
0 0.111549 0.4285 0.186352 0.023
0 0.32021 0.108 0.362205 0.016
0 0.311024 0.5155 0.333333 0.019
0 0.0656168 0.52 0.0866142 0.012
0 0.490157 0.5775 0.10105 0.013
0 0.0774278 0.4875 0.107612 0.015
0 0.141732 0.7895 0.0892388 0.083
0 0.255249 0.86 0.253281 0.048
0 0.52231 0.67 0.745407 0.078
0 0.466535 0.031 0.316273 0.042
