0 0.327586 0.8405 0.0689655 0.015
0 0.324934 0.826 0.100796 0.014
0 0.243369 0.2575 0.0225464 0.015
0 0.281167 0.26 0.0450928 0.018
0 0.547082 0.6885 0.035809 0.015
0 0.653846 0.238 0.0636605 0.018
0 0.265252 0.8405 0.0397878 0.015
0 0.721485 0.705 0.0371353 0.014
0 0.721485 0.6905 0.0371353 0.013
0 0.719496 0.72 0.0331565 0.012
0 0.71817 0.6745 0.030504 0.013
0 0.546419 0.6735 0.0344828 0.013
0 0.546419 0.7035 0.0371353 0.013
0 0.650531 0.125 0.0490716 0.014
0 0.719496 0.75 0.035809 0.014
0 0.206233 0.2565 0.030504 0.017
0 0.545756 0.7195 0.035809 0.013
0 0.155836 0.7635 0.115385 0.015
0 0.719496 0.735 0.035809 0.012
0 0.547082 0.734 0.0384615 0.014
0 0.167109 0.6495 0.137931 0.015
0 0.316976 0.8105 0.143236 0.013
0 0.681035 0.1895 0.0331565 0.019
0 0.384615 0.237 0.270557 0.016
0 0.545756 0.7495 0.0331565 0.013
0 0.30305 0.716 0.0702918 0.014
0 0.331565 0.6505 0.127321 0.015
0 0.307029 0.6845 0.0809019 0.017
0 0.747347 0.2385 0.0809019 0.017
0 0.333554 0.5255 0.460212 0.017
0 0.795756 0.595 0.0795756 0.012
0 0.564987 0.19 0.167109 0.014
0 0.452918 0.479 0.529178 0.042
0 0.163793 0.684 0.133952 0.016
0 0.16313 0.7145 0.135279 0.015
0 0.460875 0.332 0.688329 0.034
0 0.143899 0.257 0.0755968 0.014
0 0.793103 0.61 0.0875332 0.012
0 0.322944 0.872 0.149867 0.016
0 0.80305 0.751 0.0755968 0.014
0 0.159151 0.7935 0.119363 0.015
0 0.357427 0.2585 0.0755968 0.017
0 0.27122 0.293 0.330239 0.016
0 0.179708 0.404 0.147215 0.012
0 0.383289 0.839 0.259947 0.05
0 0.16313 0.2355 0.111406 0.015
0 0.320292 0.2215 0.125995 0.015
0 0.43634 0.377 0.636605 0.032
0 0.636605 0.7685 0.214854 0.017
0 0.78183 0.127 0.139257 0.016
0 0.616711 0.7985 0.175066 0.017
0 0.616048 0.859 0.187003 0.018
0 0.495358 0.26 0.14191 0.016
0 0.480106 0.162 0.503979 0.034
0 0.355438 0.903 0.212202 0.016
0 0.342175 0.1885 0.127321 0.015
0 0.248674 0.4345 0.287798 0.017
0 0.273873 0.613 0.0994695 0.032
0 0.61008 0.6 0.135279 0.032
0 0.385279 0.7625 0.237401 0.049
0 0.623342 0.8285 0.190981 0.017
0 0.614058 0.8965 0.177719 0.031
0 0.482759 0.5995 0.0875332 0.031
0 0.155836 0.5955 0.115385 0.035
