0 0.519894 0.5315 0.416446 0.061
0 0.618037 0.2865 0.137931 0.015
0 0.744695 0.282 0.0384615 0.014
0 0.807029 0.2825 0.0623342 0.017
0 0.322281 0.587 0.312997 0.016
0 0.197613 0.468 0.116711 0.014
0 0.384615 0.403 0.244032 0.03
0 0.0935013 0.288 0.0543767 0.014
0 0.515915 0.284 0.0450928 0.014
0 0.637268 0.299 0.168435 0.02
0 0.175066 0.371 0.0769231 0.014
0 0.515915 0.2605 0.0424403 0.015
0 0.0941645 0.2635 0.0636605 0.013
0 0.675729 0.258 0.139257 0.018
0 0.408488 0.4385 0.32626 0.017
0 0.289125 0.2615 0.286472 0.017
0 0.329576 0.37 0.213528 0.016
0 0.197613 0.3985 0.122016 0.015
0 0.413793 0.4655 0.27321 0.019
0 0.179708 0.44 0.0809019 0.014
0 0.838196 0.163 0.0954907 0.03
0 0.537798 0.2325 0.0835544 0.015
0 0.203581 0.4945 0.125995 0.015
0 0.681698 0.2305 0.143236 0.015
0 0.503979 0.647 0.586207 0.112
0 0.242042 0.2345 0.192308 0.015
