0 0.290451 0.593 0.0106101 0.012
0 0.430371 0.69 0.149867 0.012
0 0.299735 0.6635 0.0689655 0.011
0 0.139257 0.2645 0.0875332 0.015
0 0.302387 0.6765 0.066313 0.011
0 0.316313 0.2085 0.0570292 0.013
0 0.318966 0.449 0.0649867 0.014
0 0.317639 0.8515 0.460212 0.017
0 0.155172 0.453 0.127321 0.014
0 0.406499 0.6635 0.102122 0.011
0 0.299072 0.69 0.0676393 0.012
0 0.332228 0.5285 0.0915119 0.013
0 0.181034 0.789 0.179045 0.028
0 0.508621 0.711 0.335544 0.038
0 0.380637 0.396 0.201592 0.014
0 0.155836 0.657 0.125995 0.026
0 0.395889 0.678 0.0888594 0.012
0 0.407825 0.3285 0.245358 0.015
0 0.327586 0.7975 0.0954907 0.013
0 0.140584 0.3915 0.0901857 0.025
0 0.442971 0.134 0.344828 0.064
0 0.159151 0.592 0.135279 0.026
0 0.141247 0.3235 0.0915119 0.025
0 0.354775 0.262 0.139257 0.016
0 0.145889 0.519 0.103448 0.038
