0 0.877249 0.738 0.0192802 0.014
0 0.351542 0.478 0.0218509 0.014
0 0.755141 0.739 0.209512 0.016
0 0.458226 0.608 0.029563 0.014
0 0.315553 0.4775 0.0321337 0.013
0 0.719152 0.6515 0.0526992 0.013
0 0.141388 0.1985 0.0488432 0.013
0 0.575193 0.2925 0.623393 0.019
0 0.447943 0.39 0.0732648 0.016
0 0.468509 0.9375 0.72365 0.021
0 0.48072 0.7415 0.0385604 0.015
0 0.397172 0.4775 0.0437018 0.015
0 0.488432 0.4765 0.0539846 0.015
0 0.58419 0.476 0.0552699 0.014
0 0.199871 0.4785 0.160668 0.015
0 0.520566 0.091 0.100257 0.016
0 0.728792 0.143 0.0822622 0.02
0 0.366324 0.2565 0.511568 0.017
0 0.732005 0.518 0.145244 0.022
0 0.29563 0.154 0.131105 0.016
0 0.242288 0.39 0.284062 0.016
0 0.264782 0.699 0.293059 0.016
0 0.285347 0.743 0.318766 0.016
0 0.378535 0.5215 0.541131 0.021
0 0.730077 0.249 0.174807 0.018
0 0.265424 0.611 0.296915 0.014
0 0.484576 0.433 0.359897 0.018
0 0.311697 0.192 0.224936 0.02
0 0.221722 0.5605 0.176093 0.021
0 0.578406 0.74 0.0565553 0.016
0 0.190231 0.303 0.14653 0.016
0 0.19473 0.4355 0.158098 0.015
0 0.22108 0.339 0.179949 0.02
0 0.214653 0.656 0.190231 0.014
