0 0.259067 0.18 0.0362694 0.014
0 0.305699 0.1495 0.0362694 0.013
0 0.345855 0.5845 0.0388601 0.015
0 0.34715 0.3475 0.0518135 0.013
0 0.337435 0.6285 0.0427461 0.017
0 0.149611 0.6895 0.0375648 0.015
0 0.184585 0.586 0.0479275 0.016
0 0.256477 0.583 0.0414508 0.016
0 0.34456 0.4935 0.0518135 0.017
0 0.863342 0.957 0.0764249 0.014
0 0.189767 0.182 0.0945596 0.014
0 0.443005 0.585 0.0518135 0.014
0 0.595855 0.304 0.689119 0.08
0 0.195596 0.277 0.103627 0.014
0 0.233808 0.338 0.190415 0.016
0 0.398316 0.5525 0.154145 0.017
0 0.525259 0.09 0.239637 0.018
0 0.732513 0.1535 0.120466 0.013
0 0.404793 0.209 0.226684 0.018
0 0.759067 0.1355 0.194301 0.017
0 0.210492 0.151 0.138601 0.014
0 0.216969 0.497 0.156736 0.016
0 0.240285 0.4185 0.182642 0.017
0 0.211788 0.6325 0.148964 0.019
0 0.207902 0.211 0.130829 0.014
0 0.224093 0.5555 0.183938 0.015
