0 0.656533 0.4655 0.0297542 0.013
0 0.622898 0.6535 0.0168176 0.013
0 0.772963 0.9 0.0478655 0.016
0 0.646831 0.487 0.0413972 0.014
0 0.717982 0.901 0.0491591 0.014
0 0.271022 0.485 0.0245796 0.014
0 0.27749 0.604 0.0452781 0.014
0 0.100259 0.279 0.0659767 0.014
0 0.283312 0.4395 0.0413972 0.017
0 0.282018 0.416 0.230272 0.016
0 0.283959 0.5815 0.0530401 0.015
0 0.741268 0.2 0.0465718 0.012
0 0.0957309 0.5805 0.0620957 0.015
0 0.207633 0.197 0.0478655 0.014
0 0.283312 0.2575 0.0439845 0.017
0 0.769081 0.285 0.0271669 0.012
0 0.648771 0.3745 0.0530401 0.015
0 0.45925 0.3035 0.0439845 0.015
0 0.853169 0.041 0.0659767 0.016
0 0.294308 0.3035 0.0633894 0.015
0 0.282018 0.628 0.0543338 0.014
0 0.294955 0.2805 0.0672704 0.017
0 0.446313 0.229 0.0776197 0.016
0 0.663648 0.9 0.0284605 0.014
0 0.0679172 0.178 0.0530401 0.014
0 0.282665 0.6495 0.0530401 0.015
0 0.653299 0.3525 0.064683 0.015
0 0.463777 0.4405 0.0633894 0.015
0 0.293661 0.326 0.0620957 0.016
0 0.0769728 0.1945 0.0711514 0.015
0 0.219276 0.181 0.0659767 0.014
0 0.0963778 0.3465 0.0633894 0.015
0 0.103493 0.604 0.0827943 0.014
0 0.653299 0.397 0.0620957 0.016
0 0.0950841 0.2555 0.0504528 0.013
0 0.168176 0.3025 0.0672704 0.015
0 0.0937904 0.369 0.0556274 0.014
0 0.301423 0.672 0.0931436 0.016
0 0.754851 0.1845 0.0711514 0.015
0 0.721863 0.0405 0.0698577 0.017
0 0.467012 0.418 0.064683 0.016
0 0.670763 0.42 0.0996119 0.016
0 0.38357 0.1815 0.0789133 0.015
0 0.364166 0.1985 0.0426908 0.013
0 0.278784 0.761 0.0866753 0.018
0 0.117076 0.393 0.0996119 0.016
0 0.0750323 0.559 0.0905563 0.018
0 0.65718 0.4425 0.0672704 0.015
0 0.0996119 0.301 0.0620957 0.016
0 0.64489 0.284 0.0452781 0.016
0 0.108021 0.6275 0.0944373 0.015
0 0.517464 0.673 0.175938 0.014
0 0.131953 0.3225 0.134541 0.015
0 0.0976714 0.649 0.0711514 0.012
0 0.666235 0.607 0.0983182 0.014
0 0.407503 0.152 0.0931436 0.016
0 0.470893 0.6505 0.0853816 0.015
0 0.0866753 0.761 0.0543338 0.016
0 0.294308 0.7395 0.0815006 0.017
0 0.103493 0.6715 0.0853816 0.015
0 0.0912031 0.227 0.104787 0.016
0 0.312419 0.349 0.0944373 0.016
0 0.501294 0.4865 0.133247 0.017
0 0.664295 0.6745 0.0996119 0.017
0 0.548512 0.1995 0.0827943 0.013
0 0.56727 0.1835 0.122898 0.015
0 0.207633 0.15 0.347995 0.02
0 0.496766 0.583 0.131953 0.016
0 0.37969 0.1065 0.231565 0.017
0 0.803364 0.2615 0.087969 0.017
0 0.648124 0.328 0.072445 0.016
0 0.486417 0.3495 0.103493 0.015
0 0.296895 0.4615 0.0892626 0.017
0 0.284605 0.3705 0.0543338 0.015
0 0.168176 0.105 0.217335 0.018
0 0.499353 0.3955 0.126779 0.013
0 0.668823 0.261 0.0931436 0.016
0 0.5 0.7255 0.205692 0.015
0 0.124838 0.4835 0.13066 0.017
0 0.306598 0.394 0.165589 0.016
0 0.678525 0.306 0.107374 0.018
0 0.706339 0.585 0.181113 0.016
0 0.519405 0.606 0.182406 0.016
0 0.535576 0.7675 0.245796 0.053
0 0.479301 0.464 0.0970246 0.016
0 0.138422 0.4395 0.147477 0.019
0 0.483829 0.5085 0.100906 0.015
0 0.506468 0.5315 0.141009 0.017
0 0.0957309 0.732 0.126779 0.03
0 0.120957 0.4605 0.109961 0.017
0 0.511643 0.6295 0.164295 0.015
0 0.502587 0.3725 0.133247 0.015
0 0.368693 0.849 0.706339 0.06
0 0.472833 0.5605 0.138422 0.015
0 0.336999 0.9095 0.570505 0.043
0 0.689521 0.631 0.152652 0.016
0 0.764554 0.9215 0.341527 0.075
0 0.124191 0.127 0.175938 0.018
0 0.321475 0.128 0.221216 0.018
0 0.487063 0.807 0.19793 0.018
0 0.506468 0.068 0.31436 0.044
