0 0.400531 0.5165 0.0212202 0.011
0 0.605438 0.178 0.0172414 0.012
0 0.78382 0.387 0.0159151 0.012
0 0.784483 0.3425 0.0225464 0.013
0 0.784483 0.365 0.0225464 0.014
0 0.48939 0.3175 0.0159151 0.013
0 0.118037 0.1465 0.0530504 0.013
0 0.399867 0.5365 0.0251989 0.013
0 0.299072 0.5155 0.0490716 0.013
0 0.693634 0.343 0.0530504 0.012
0 0.692971 0.366 0.0543767 0.014
0 0.725464 0.177 0.0503979 0.014
0 0.692971 0.388 0.0570292 0.014
0 0.297745 0.5365 0.0490716 0.013
0 0.416446 0.3175 0.0424403 0.015
0 0.570292 0.3435 0.0822281 0.015
0 0.417109 0.2685 0.0437666 0.013
0 0.299072 0.4905 0.0596817 0.027
0 0.850796 0.9545 0.0517241 0.011
0 0.704907 0.2685 0.0676393 0.013
0 0.295756 0.3435 0.0848806 0.013
0 0.70557 0.317 0.071618 0.014
0 0.244695 0.147 0.115385 0.018
0 0.126658 0.516 0.0729443 0.014
0 0.140584 0.955 0.103448 0.008
0 0.29443 0.3665 0.0928382 0.015
0 0.229443 0.1155 0.0928382 0.015
0 0.456897 0.3875 0.128647 0.015
0 0.724801 0.146 0.0623342 0.014
0 0.327586 0.2915 0.493369 0.017
0 0.667109 0.116 0.145889 0.014
0 0.18435 0.388 0.129973 0.016
0 0.298408 0.3885 0.0954907 0.015
0 0.399204 0.4905 0.0742706 0.029
0 0.527851 0.146 0.066313 0.014
0 0.12931 0.2075 0.0809019 0.015
0 0.131963 0.3175 0.0809019 0.013
0 0.527851 0.176 0.0530504 0.014
0 0.437666 0.207 0.514589 0.016
0 0.45557 0.343 0.125995 0.014
0 0.127321 0.269 0.071618 0.014
0 0.183687 0.3435 0.125995 0.015
0 0.140584 0.537 0.0981432 0.014
0 0.456233 0.3655 0.127321 0.015
0 0.302387 0.71 0.440318 0.028
0 0.270557 0.2435 0.106101 0.015
0 0.300398 0.7425 0.0623342 0.027
0 0.400531 0.7445 0.0742706 0.029
0 0.686339 0.7415 0.0570292 0.025
0 0.785146 0.4895 0.0769231 0.027
0 0.551724 0.4895 0.119363 0.015
0 0.18435 0.366 0.124668 0.016
0 0.55305 0.744 0.116711 0.014
0 0.564987 0.366 0.0795756 0.014
0 0.170424 0.7445 0.118037 0.013
0 0.168435 0.489 0.119363 0.014
0 0.784483 0.743 0.0782493 0.024
0 0.687666 0.488 0.0570292 0.026
0 0.272546 0.4235 0.118037 0.015
0 0.290451 0.4555 0.413793 0.025
