0 0.0948276 0.4945 0.133952 0.023
0 0.0988064 0.4775 0.139257 0.017
0 0.356764 0.2225 0.0159151 0.013
0 0.334881 0.69 0.0198939 0.012
0 0.33687 0.804 0.0212202 0.012
0 0.336207 0.7475 0.0198939 0.011
0 0.333554 0.4585 0.0198939 0.013
0 0.102785 0.515 0.139257 0.016
0 0.33687 0.8225 0.0212202 0.013
0 0.325597 0.4345 0.0623342 0.025
0 0.334218 0.5335 0.0185676 0.011
0 0.332891 0.4775 0.0185676 0.011
0 0.33687 0.7285 0.0185676 0.011
0 0.537135 0.145 0.0477454 0.014
0 0.335544 0.708 0.0185676 0.012
0 0.302387 0.2225 0.0344828 0.011
0 0.333554 0.5145 0.0172414 0.011
0 0.688992 0.6905 0.0198939 0.011
0 0.336207 0.766 0.0198939 0.012
0 0.334881 0.496 0.0198939 0.012
0 0.338196 0.8415 0.0265252 0.013
0 0.0961538 0.785 0.133952 0.014
0 0.0981432 0.4595 0.137931 0.015
0 0.336207 0.7845 0.0278515 0.011
0 0.585544 0.353 0.0517241 0.012
0 0.534483 0.118 0.0503979 0.012
0 0.238727 0.665 0.0583554 0.024
0 0.702255 0.1185 0.0490716 0.013
0 0.236737 0.436 0.0596817 0.024
0 0.0875332 0.804 0.108753 0.014
0 0.588859 0.223 0.0557029 0.012
0 0.714191 0.1455 0.0755968 0.015
0 0.302387 0.274 0.0371353 0.014
0 0.238727 0.4585 0.0503979 0.013
0 0.220159 0.0925 0.0636605 0.013
0 0.32626 0.6655 0.061008 0.023
0 0.051061 0.117 0.0464191 0.012
0 0.102122 0.6905 0.132626 0.013
0 0.101459 0.9355 0.0835544 0.011
0 0.222812 0.1185 0.066313 0.013
0 0.0921751 0.766 0.12069 0.016
0 0.237401 0.534 0.0503979 0.012
0 0.236737 0.477 0.0490716 0.012
0 0.0901857 0.823 0.108753 0.014
0 0.0596817 0.2225 0.0583554 0.013
0 0.0901857 0.7275 0.108753 0.015
0 0.0842175 0.709 0.0994695 0.014
0 0.585544 0.3265 0.0517241 0.013
0 0.0616711 0.274 0.0649867 0.014
0 0.204244 0.196 0.0875332 0.014
0 0.338196 0.353 0.106101 0.014
0 0.23939 0.515 0.0517241 0.012
0 0.100796 0.3525 0.108753 0.015
0 0.589523 0.2735 0.0570292 0.013
0 0.203581 0.379 0.0994695 0.014
0 0.586207 0.3005 0.0503979 0.013
0 0.264589 0.4055 0.513263 0.025
0 0.0782493 0.748 0.0848806 0.014
0 0.23939 0.4965 0.0517241 0.013
0 0.109416 0.671 0.136605 0.014
0 0.0881963 0.842 0.107427 0.014
0 0.061008 0.1695 0.066313 0.013
0 0.107427 0.4405 0.135279 0.015
0 0.672414 0.0925 0.129973 0.013
0 0.0974801 0.5345 0.136605 0.015
0 0.246021 0.2475 0.391247 0.015
0 0.338859 0.326 0.11008 0.014
0 0.469496 0.4395 0.132626 0.015
0 0.604111 0.4315 0.0623342 0.025
0 0.102122 0.3255 0.111406 0.015
0 0.374668 0.1695 0.372679 0.015
0 0.606101 0.6635 0.061008 0.023
0 0.440318 0.691 0.111406 0.012
0 0.337533 0.3005 0.104775 0.013
0 0.78382 0.9325 0.135279 0.015
0 0.471485 0.6705 0.133952 0.015
0 0.100796 0.3005 0.111406 0.013
0 0.687666 0.434 0.0596817 0.026
0 0.275199 0.6355 0.515915 0.025
0 0.688329 0.6645 0.0636605 0.027
