0 0.674403 0.613 0.0198939 0.012
0 0.264589 0.7965 0.330239 0.017
0 0.589523 0.1495 0.0145889 0.011
0 0.494032 0.8625 0.035809 0.013
0 0.676393 0.6895 0.0318302 0.013
0 0.799735 0.3085 0.0291777 0.023
0 0.394562 0.8645 0.0384615 0.013
0 0.291777 0.8665 0.0344828 0.013
0 0.29443 0.8375 0.0265252 0.013
0 0.675066 0.6405 0.0344828 0.013
0 0.549072 0.642 0.0238727 0.012
0 0.395889 0.8365 0.0278515 0.013
0 0.675729 0.657 0.0331565 0.012
0 0.840849 0.0825 0.0742706 0.013
0 0.676393 0.673 0.0344828 0.012
0 0.496684 0.835 0.0251989 0.01
0 0.111406 0.717 0.0318302 0.012
0 0.420424 0.617 0.0212202 0.014
0 0.423077 0.2695 0.657825 0.019
0 0.43634 0.7945 0.71618 0.021
0 0.105438 0.156 0.0517241 0.012
0 0.548409 0.675 0.0251989 0.014
0 0.305703 0.695 0.0251989 0.012
0 0.550398 0.6915 0.0238727 0.013
0 0.731432 0.3095 0.035809 0.015
0 0.549072 0.6585 0.0265252 0.013
0 0.179708 0.879 0.0835544 0.014
0 0.304377 0.646 0.030504 0.012
0 0.651857 0.5395 0.035809 0.013
0 0.665119 0.313 0.035809 0.022
0 0.655172 0.573 0.0344828 0.014
0 0.422414 0.6935 0.0278515 0.013
0 0.30504 0.662 0.0291777 0.012
0 0.112069 0.683 0.035809 0.012
0 0.305703 0.6785 0.0278515 0.013
0 0.421088 0.6445 0.0331565 0.013
0 0.396552 0.8175 0.0503979 0.015
0 0.197613 0.3415 0.0397878 0.013
0 0.230106 0.183 0.0384615 0.014
0 0.423077 0.6765 0.0291777 0.011
0 0.124005 0.6995 0.0623342 0.015
0 0.165119 0.84 0.0543767 0.014
0 0.492042 0.9285 0.061008 0.019
0 0.291114 0.8185 0.0570292 0.015
0 0.421751 0.6605 0.0318302 0.013
0 0.721485 0.1475 0.0530504 0.013
0 0.304377 0.576 0.431034 0.018
0 0.125332 0.7325 0.0596817 0.015
0 0.449602 0.314 0.0424403 0.022
0 0.195623 0.155 0.0941645 0.014
0 0.502653 0.178 0.0530504 0.014
0 0.124005 0.65 0.0649867 0.014
0 0.502653 0.151 0.0503979 0.014
0 0.157162 0.621 0.0596817 0.012
0 0.484085 0.211 0.501326 0.016
0 0.137931 0.6655 0.0901857 0.015
0 0.592838 0.3125 0.0371353 0.015
0 0.173077 0.9355 0.12069 0.015
0 0.117374 0.2165 0.0729443 0.015
0 0.190318 0.1285 0.0888594 0.015
0 0.493369 0.815 0.0557029 0.016
0 0.137931 0.1845 0.111406 0.013
0 0.176393 0.8675 0.0795756 0.013
0 0.151857 0.2455 0.115385 0.015
0 0.65252 0.1175 0.137931 0.013
0 0.818965 0.9255 0.096817 0.017
0 0.300398 0.543 0.438992 0.018
0 0.259947 0.7655 0.323607 0.017
0 0.193634 0.3085 0.153846 0.015
0 0.303714 0.6175 0.137931 0.031
0 0.362069 0.3025 0.0981432 0.027
0 0.237401 0.0855 0.318302 0.015
0 0.519894 0.314 0.066313 0.026
0 0.546419 0.6145 0.175066 0.033
0 0.602785 0.084 0.285146 0.016
