0 0.310345 0.4595 0.0291777 0.011
0 0.746021 0.613 0.030504 0.016
0 0.746021 0.6345 0.030504 0.011
0 0.314324 0.4435 0.0397878 0.019
0 0.832891 0.4615 0.0477454 0.019
0 0.312997 0.474 0.0318302 0.012
0 0.557029 0.141 0.161804 0.026
0 0.485411 0.3295 0.453581 0.025
0 0.744695 0.5825 0.0411141 0.019
0 0.590849 0.4595 0.0676393 0.019
0 0.438992 0.4875 0.0822281 0.013
0 0.824934 0.6045 0.0397878 0.019
0 0.151194 0.459 0.114058 0.012
0 0.840849 0.1155 0.071618 0.017
0 0.450928 0.4595 0.0954907 0.013
0 0.433687 0.5565 0.0557029 0.015
0 0.427056 0.281 0.32626 0.016
0 0.591512 0.487 0.0689655 0.018
0 0.657825 0.347 0.0450928 0.016
0 0.443634 0.473 0.0729443 0.012
0 0.585544 0.8205 0.0755968 0.015
0 0.895225 0.929 0.061008 0.016
0 0.151194 0.446 0.122016 0.014
0 0.1313 0.722 0.0769231 0.016
0 0.441645 0.4175 0.0742706 0.015
0 0.454244 0.446 0.102122 0.014
0 0.660477 0.2905 0.0371353 0.015
0 0.166446 0.487 0.144562 0.014
0 0.362069 0.8725 0.578249 0.017
0 0.494032 0.3635 0.285146 0.019
0 0.720822 0.2505 0.104775 0.027
0 0.441645 0.5015 0.071618 0.013
0 0.714191 0.4605 0.104775 0.015
0 0.332228 0.8935 0.274536 0.015
0 0.118037 0.1445 0.0583554 0.013
0 0.728117 0.4455 0.137931 0.015
0 0.616048 0.6055 0.11008 0.021
0 0.47878 0.611 0.143236 0.014
0 0.106101 0.93 0.0795756 0.014
0 0.271883 0.8185 0.363395 0.015
0 0.724801 0.1165 0.128647 0.017
0 0.529841 0.635 0.261273 0.018
0 0.319629 0.117 0.0875332 0.016
0 0.16313 0.281 0.143236 0.014
0 0.142573 0.7905 0.102122 0.017
0 0.485411 0.7505 0.111406 0.017
0 0.471485 0.5835 0.14191 0.015
0 0.340849 0.1705 0.127321 0.017
0 0.21618 0.7485 0.249337 0.017
0 0.364721 0.144 0.177719 0.018
0 0.158488 0.171 0.139257 0.016
0 0.165782 0.3085 0.148541 0.015
0 0.166446 0.473 0.147215 0.014
0 0.482095 0.2255 0.295756 0.015
0 0.759284 0.5555 0.19496 0.015
0 0.570955 0.4 0.19496 0.038
0 0.775862 0.7355 0.307692 0.069
0 0.212202 0.363 0.244032 0.016
