0 0.57626 0.3685 0.030504 0.011
0 0.198276 0.1805 0.0331565 0.013
0 0.348806 0.139 0.103448 0.016
0 0.199602 0.218 0.0331565 0.012
0 0.575597 0.342 0.0291777 0.012
0 0.23939 0.6685 0.11008 0.011
0 0.584881 0.389 0.0477454 0.014
0 0.594828 0.4685 0.0702918 0.013
0 0.584217 0.4935 0.0490716 0.011
0 0.577586 0.3165 0.0331565 0.013
0 0.661804 0.541 0.217507 0.016
0 0.589523 0.5205 0.0596817 0.009
0 0.592838 0.4155 0.066313 0.013
0 0.377321 0.1785 0.16313 0.017
0 0.326923 0.442 0.15252 0.014
0 0.581565 0.2645 0.0411141 0.013
0 0.601459 0.4405 0.0809019 0.013
0 0.303714 0.368 0.132626 0.012
0 0.659814 0.666 0.399204 0.014
0 0.609416 0.618 0.107427 0.014
0 0.369363 0.6685 0.133952 0.011
0 0.354111 0.468 0.212202 0.014
0 0.687003 0.29 0.236074 0.014
0 0.339523 0.393 0.185676 0.014
0 0.615385 0.7855 0.124668 0.025
0 0.511273 0.091 0.324934 0.018
0 0.351459 0.519 0.201592 0.016
0 0.346817 0.227 0.115385 0.034
0 0.300398 0.318 0.112732 0.014
0 0.467507 0.7925 0.136605 0.015
0 0.352785 0.343 0.236074 0.016
0 0.275862 0.867 0.183024 0.012
0 0.359416 0.418 0.238727 0.016
0 0.381963 0.544 0.297082 0.016
0 0.31366 0.4945 0.128647 0.013
0 0.302387 0.2925 0.119363 0.013
0 0.509947 0.766 0.221485 0.014
0 0.598806 0.8115 0.0888594 0.021
0 0.31366 0.6185 0.15252 0.017
0 0.356764 0.5925 0.225464 0.015
0 0.353448 0.2685 0.202918 0.017
0 0.451592 0.817 0.11008 0.014
0 0.69695 0.574 0.298408 0.05
