0 0.566366 0.3605 0.0193299 0.009
0 0.396263 0.359 0.0296392 0.01
0 0.471649 0.362 0.0128866 0.01
0 0.177835 0.555 0.0103093 0.01
0 0.701031 0.3875 0.0206186 0.009
0 0.179768 0.472 0.0115979 0.01
0 0.279639 0.385 0.0128866 0.01
0 0.179124 0.5265 0.0103093 0.011
0 0.62049 0.386 0.0347938 0.008
0 0.722294 0.3865 0.0347938 0.009
0 0.527706 0.706 0.722938 0.024
0 0.483892 0.2945 0.0167526 0.013
0 0.179124 0.4985 0.0103093 0.011
0 0.178479 0.5825 0.0115979 0.011
0 0.512887 0.386 0.0489691 0.01
0 0.795103 0.155 0.0412371 0.01
0 0.637887 0.1465 0.0386598 0.013
0 0.441366 0.18 0.0399485 0.01
0 0.303479 0.5605 0.0347938 0.013
0 0.448454 0.299 0.0309278 0.01
0 0.14884 0.1505 0.0425258 0.009
0 0.757732 0.5625 0.0386598 0.015
0 0.303479 0.586 0.0347938 0.012
0 0.536727 0.299 0.0425258 0.01
0 0.757088 0.5345 0.0399485 0.015
0 0.304124 0.476 0.0360825 0.014
0 0.670103 0.36 0.064433 0.01
0 0.519974 0.561 0.0502577 0.014
0 0.758376 0.479 0.0373711 0.016
0 0.519974 0.477 0.0451031 0.014
0 0.757732 0.589 0.0386598 0.016
0 0.179768 0.4375 0.0528351 0.009
0 0.318299 0.438 0.0618557 0.01
0 0.519974 0.532 0.0476804 0.014
0 0.66817 0.182 0.0554124 0.01
0 0.304768 0.531 0.0347938 0.014
0 0.526418 0.4435 0.0992268 0.017
0 0.536727 0.328 0.0399485 0.01
0 0.156572 0.7115 0.0657216 0.011
0 0.304768 0.503 0.0373711 0.014
0 0.816366 0.2045 0.0811856 0.013
0 0.757732 0.506 0.0386598 0.016
0 0.521263 0.504 0.0476804 0.014
0 0.763531 0.2955 0.0708763 0.015
0 0.161727 0.236 0.068299 0.01
0 0.166881 0.2975 0.0811856 0.011
0 0.481959 0.747 0.71134 0.05
0 0.170103 0.209 0.0824742 0.01
0 0.595361 0.6225 0.634021 0.023
0 0.791237 0.4445 0.108247 0.019
0 0.875644 0.9075 0.068299 0.011
0 0.51482 0.587 0.0579897 0.016
0 0.264175 0.174 0.0798969 0.014
0 0.823454 0.3805 0.149485 0.017
0 0.564433 0.153 0.0721649 0.01
0 0.663015 0.3 0.0760309 0.01
0 0.363402 0.203 0.275773 0.018
0 0.224871 0.145 0.0863402 0.014
0 0.367912 0.385 0.106959 0.01
0 0.159149 0.6505 0.0734536 0.015
0 0.195876 0.6835 0.14433 0.013
0 0.339562 0.3195 0.0554124 0.015
0 0.168814 0.18 0.0798969 0.01
0 0.177835 0.384 0.100515 0.01
0 0.728737 0.211 0.0837629 0.01
0 0.24549 0.115 0.0889175 0.012
0 0.64884 0.3205 0.148196 0.013
0 0.196521 0.6275 0.140464 0.011
0 0.512242 0.079 0.264175 0.018
0 0.251289 0.8075 0.273196 0.019
0 0.456186 0.2355 0.453608 0.033
0 0.199098 0.3265 0.155928 0.011
0 0.188789 0.9025 0.143041 0.011
0 0.377577 0.679 0.195876 0.02
0 0.284794 0.2935 0.146907 0.015
0 0.760309 0.176 0.0773196 0.016
0 0.551546 0.1745 0.170103 0.017
0 0.223582 0.357 0.19201 0.012
0 0.492912 0.8165 0.181701 0.037
