0 0.443634 0.6255 0.0278515 0.013
0 0.259284 0.352 0.0331565 0.014
0 0.293767 0.627 0.319629 0.016
0 0.703581 0.622 0.0676393 0.014
0 0.573607 0.3495 0.030504 0.011
0 0.261273 0.4735 0.0318302 0.013
0 0.420424 0.472 0.0318302 0.01
0 0.183024 0.3825 0.0848806 0.015
0 0.703581 0.6055 0.0702918 0.015
0 0.694297 0.4695 0.0543767 0.013
0 0.265252 0.4285 0.0424403 0.013
0 0.541114 0.4695 0.066313 0.013
0 0.701591 0.667 0.0636605 0.014
0 0.175729 0.4135 0.0676393 0.015
0 0.424403 0.3505 0.0477454 0.013
0 0.334218 0.6095 0.363395 0.017
0 0.438329 0.4275 0.0702918 0.013
0 0.338859 0.7925 0.0676393 0.015
0 0.187003 0.5035 0.0901857 0.015
0 0.342838 0.533 0.404509 0.018
0 0.631963 0.5605 0.096817 0.015
0 0.439655 0.501 0.0809019 0.016
0 0.359416 0.642 0.254642 0.018
0 0.212865 0.309 0.149867 0.016
0 0.482759 0.264 0.429708 0.028
0 0.472149 0.5625 0.100796 0.015
0 0.563661 0.819 0.310345 0.068
0 0.486737 0.747 0.692308 0.052
0 0.395889 0.154 0.263926 0.038
