0 0.783355 0.9325 0.0396301 0.013
0 0.634742 0.9315 0.0330251 0.011
0 0.708058 0.933 0.110964 0.016
0 0.271466 0.5835 0.0435931 0.033
0 0.305152 0.382 0.10568 0.018
0 0.406869 0.929 0.0211361 0.012
0 0.274769 0.332 0.0422721 0.016
0 0.85469 0.933 0.103038 0.016
0 0.344122 0.331 0.0647292 0.018
0 0.128798 0.6355 0.0541612 0.015
0 0.667768 0.182 0.0330251 0.014
0 0.770806 0.1065 0.231176 0.025
0 0.739762 0.213 0.0634082 0.016
0 0.168428 0.419 0.133421 0.016
0 0.707398 0.233 0.109643 0.014
0 0.690885 0.2015 0.0792602 0.015
0 0.145971 0.7325 0.0858653 0.015
0 0.721268 0.848 0.134742 0.014
0 0.147952 0.181 0.0871863 0.014
0 0.140026 0.906 0.0871863 0.014
0 0.761559 0.18 0.120211 0.02
0 0.288639 0.777 0.0752972 0.018
0 0.167107 0.8455 0.133421 0.015
0 0.35535 0.4345 0.203435 0.021
0 0.167107 0.763 0.136063 0.016
0 0.178996 0.6985 0.146631 0.015
0 0.784676 0.247 0.15852 0.018
0 0.190225 0.2795 0.169089 0.015
0 0.34148 0.6415 0.194188 0.017
0 0.196169 0.475 0.202114 0.018
0 0.167107 0.5705 0.130779 0.015
0 0.344782 0.5125 0.190225 0.035
0 0.429326 0.7195 0.377807 0.035
0 0.181638 0.0945 0.178336 0.073
0 0.729855 0.889 0.231176 0.064
0 0.430647 0.305 0.356671 0.036
0 0.485469 0.9655 0.754293 0.041
0 0.345443 0.2025 0.194188 0.067
