0 0.757752 0.7125 0.257106 0.017
0 0.546512 0.345 0.75969 0.038
0 0.658915 0.1375 0.666667 0.043
0 0.372093 0.217 0.472868 0.018
0 0.685401 0.3135 0.590439 0.019
0 0.452842 0.24 0.564599 0.018
0 0.226744 0.625 0.0452196 0.012
0 0.724806 0.731 0.124031 0.032
0 0.750646 0.784 0.289406 0.024
0 0.340439 0.195 0.409561 0.018
0 0.550388 0.445 0.72093 0.044
0 0.120155 0.036 0.131783 0.02
0 0.73062 0.8015 0.171835 0.015
0 0.345607 0.1485 0.117571 0.017
0 0.238372 0.597 0.127907 0.026
0 0.72416 0.623 0.143411 0.014
0 0.23385 0.788 0.175711 0.026
0 0.202196 0.15 0.120155 0.016
0 0.194444 0.663 0.0917313 0.014
0 0.51938 0.6955 0.108527 0.029
0 0.190568 0.127 0.0994832 0.018
0 0.749354 0.7555 0.186047 0.017
0 0.738372 0.8775 0.187339 0.019
0 0.216408 0.1725 0.148579 0.017
0 0.259044 0.3155 0.23385 0.017
0 0.748062 0.687 0.284238 0.034
0 0.229974 0.7 0.173127 0.022
0 0.297158 0.864 0.286822 0.016
0 0.537468 0.862 0.121447 0.026
0 0.694444 0.1925 0.148579 0.019
0 0.490956 0.085 0.248062 0.02
0 0.514212 0.79 0.100775 0.026
0 0.527778 0.74 0.109819 0.028
0 0.735142 0.596 0.209302 0.042
0 0.420543 0.17 0.153747 0.018
0 0.368217 0.413 0.472868 0.02
0 0.806848 0.41 0.329457 0.02
0 0.24677 0.746 0.170543 0.042
0 0.704134 0.8565 0.139535 0.031
0 0.648579 0.6595 0.325581 0.023
