0 0.175729 0.8145 0.149867 0.013
0 0.712865 0.147 0.0198939 0.012
0 0.648541 0.1315 0.0689655 0.015
0 0.649204 0.1475 0.0702918 0.015
0 0.776525 0.1455 0.0623342 0.015
0 0.137931 0.908 0.0875332 0.016
0 0.776525 0.1295 0.0676393 0.015
0 0.475464 0.791 0.786472 0.058
0 0.558355 0.675 0.578249 0.042
0 0.114058 0.138 0.061008 0.014
0 0.165782 0.56 0.151194 0.014
0 0.197613 0.416 0.220159 0.016
0 0.506631 0.2225 0.572944 0.019
0 0.258621 0.7535 0.331565 0.017
0 0.642573 0.749 0.409814 0.018
0 0.470159 0.3835 0.18435 0.017
0 0.320955 0.332 0.490716 0.02
0 0.216844 0.136 0.125995 0.016
0 0.702918 0.0985 0.188329 0.017
0 0.484748 0.357 0.213528 0.016
0 0.15252 0.2265 0.137931 0.017
0 0.21817 0.1045 0.1313 0.017
0 0.524536 0.564 0.51061 0.038
0 0.12931 0.169 0.0941645 0.016
0 0.171088 0.6775 0.153846 0.035
0 0.350133 0.1665 0.31565 0.017
0 0.170424 0.4975 0.168435 0.033
0 0.560345 0.502 0.574271 0.056
