0 0.242519 0.633 0.173317 0.022
0 0.394638 0.643 0.0411471 0.012
0 0.212594 0.3545 0.0162095 0.011
0 0.285536 0.304 0.159601 0.034
0 0.76808 0.623 0.164589 0.024
0 0.280549 0.833 0.21197 0.044
0 0.544264 0.2095 0.0910224 0.013
0 0.368454 0.643 0.0336658 0.014
0 0.685162 0.3375 0.0137157 0.015
0 0.408354 0.2215 0.522444 0.023
0 0.816708 0.8165 0.0798005 0.015
0 0.548005 0.1715 0.534913 0.027
0 0.532419 0.0295 0.354115 0.017
0 0.342893 0.564 0.0174564 0.012
0 0.820449 0.835 0.0698254 0.026
0 0.316708 0.1825 0.326683 0.017
0 0.695761 0.5665 0.0149626 0.015
0 0.238778 0.64 0.158354 0.018
0 0.490648 0.118 0.509975 0.018
0 0.667706 0.6995 0.0336658 0.013
0 0.309227 0.1665 0.319202 0.015
0 0.463217 0.6285 0.0236908 0.011
0 0.571696 0.079 0.195761 0.016
0 0.759975 0.6285 0.128429 0.015
0 0.463217 0.643 0.0236908 0.012
0 0.316085 0.7345 0.0785536 0.041
0 0.764963 0.0895 0.0361596 0.013
0 0.653367 0.829 0.0897756 0.012
0 0.493766 0.0765 0.0623441 0.011
0 0.25 0.6245 0.160848 0.017
0 0.687032 0.0165 0.0399003 0.013
0 0.221945 0.756 0.124688 0.014
0 0.486284 0.0885 0.0498753 0.011
0 0.502494 0.2545 0.65586 0.021
0 0.261222 0.859 0.198254 0.016
0 0.367207 0.6275 0.0411471 0.013
0 0.628429 0.629 0.0648379 0.012
0 0.630923 0.7 0.0922693 0.014
0 0.608479 0.8015 0.0448878 0.013
0 0.449501 0.513 0.589776 0.018
0 0.784289 0.0165 0.134663 0.019
0 0.362843 0.664 0.164589 0.028
0 0.498753 0.4105 0.645885 0.021
0 0.633416 0.6145 0.0798005 0.013
0 0.680175 0.816 0.13591 0.014
0 0.341022 0.5975 0.0586035 0.015
0 0.831671 0.087 0.0773067 0.016
0 0.616584 0.7575 0.0660848 0.017
0 0.212594 0.697 0.108479 0.014
0 0.627182 0.7285 0.0798005 0.015
0 0.706983 0.21 0.216958 0.018
0 0.645262 0.846 0.0660848 0.014
0 0.30985 0.089 0.125935 0.014
0 0.779302 0.6155 0.177057 0.017
0 0.274314 0.3785 0.226933 0.015
0 0.629052 0.642 0.0835411 0.012
0 0.768703 0.7565 0.245636 0.015
0 0.631546 0.671 0.0910224 0.016
0 0.219451 0.596 0.127182 0.016
0 0.785536 0.8 0.276808 0.016
0 0.212594 0.668 0.110973 0.014
0 0.646509 0.599 0.118454 0.014
0 0.803616 0.5995 0.150873 0.015
0 0.22818 0.8 0.139651 0.014
0 0.25187 0.479 0.182045 0.014
