0 0.834184 0.0575 0.214286 0.015
0 0.871811 0.0695 0.0446429 0.011
0 0.124362 0.243 0.0548469 0.016
0 0.205995 0.214 0.0548469 0.016
0 0.119898 0.2715 0.0612245 0.015
0 0.199617 0.908 0.0625 0.018
0 0.206633 0.2715 0.0535714 0.015
0 0.282526 0.9075 0.0625 0.019
0 0.202806 0.2425 0.0637755 0.015
0 0.371811 0.271 0.0420918 0.016
0 0.847577 0.91 0.065051 0.018
0 0.118622 0.909 0.0586735 0.018
0 0.371811 0.213 0.0420918 0.016
0 0.120536 0.301 0.0625 0.016
0 0.371173 0.242 0.0408163 0.016
0 0.372449 0.3005 0.0433673 0.017
0 0.202806 0.3 0.0637755 0.016
0 0.804209 0.9445 0.159439 0.021
0 0.19898 0.1015 0.0510204 0.015
0 0.28699 0.2715 0.0637755 0.015
0 0.28699 0.2425 0.0637755 0.015
0 0.285714 0.213 0.0637755 0.016
0 0.766582 0.91 0.0688775 0.016
0 0.563138 0.1555 0.0446429 0.015
0 0.764668 0.932 0.0778061 0.012
0 0.427296 0.9015 0.0484694 0.013
0 0.766582 0.3 0.0637755 0.016
0 0.848214 0.158 0.0663265 0.072
0 0.471301 0.944 0.141582 0.014
0 0.850765 0.2145 0.0765306 0.017
0 0.287628 0.3 0.065051 0.016
0 0.510204 0.272 0.188776 0.016
0 0.765944 0.2135 0.0625 0.017
0 0.444515 0.931 0.0727041 0.012
0 0.766582 0.272 0.0612245 0.016
0 0.520408 0.2425 0.214286 0.017
0 0.114158 0.105 0.0778061 0.016
0 0.765944 0.2425 0.0625 0.015
0 0.112883 0.1735 0.0727041 0.029
0 0.850765 0.3015 0.0739796 0.017
0 0.40625 0.1045 0.0982143 0.013
0 0.850128 0.243 0.0727041 0.018
0 0.196429 0.1375 0.206633 0.033
0 0.702806 0.0945 0.0714286 0.029
0 0.466837 0.056 0.318878 0.014
0 0.360969 0.1595 0.0714286 0.029
0 0.51977 0.3015 0.21301 0.015
0 0.769133 0.166 0.0637755 0.038
0 0.186862 0.0715 0.230867 0.033
0 0.200255 0.1725 0.0892857 0.027
0 0.54273 0.1005 0.164541 0.017
0 0.233418 0.9315 0.295918 0.015
0 0.517219 0.214 0.195153 0.016
0 0.279974 0.174 0.0522959 0.03
