0 0.577833 0.3785 0.0124533 0.011
0 0.576588 0.4655 0.0124533 0.011
0 0.861768 0.508 0.0124533 0.01
0 0.782067 0.112 0.22665 0.014
0 0.753425 0.464 0.127024 0.012
0 0.780822 0.126 0.236613 0.018
0 0.863636 0.434 0.0136986 0.012
0 0.300125 0.344 0.0124533 0.01
0 0.299502 0.3875 0.0136986 0.011
0 0.576588 0.45 0.0124533 0.012
0 0.785803 0.0835 0.224159 0.019
0 0.863014 0.42 0.014944 0.01
0 0.578456 0.362 0.011208 0.01
0 0.294521 0.5365 0.011208 0.011
0 0.863636 0.3335 0.0136986 0.009
0 0.577833 0.4215 0.014944 0.011
0 0.577833 0.4065 0.0124533 0.011
0 0.863636 0.405 0.011208 0.01
0 0.576588 0.5105 0.0124533 0.011
0 0.863636 0.463 0.0136986 0.01
0 0.862391 0.4775 0.011208 0.009
0 0.864259 0.3475 0.0124533 0.011
0 0.865504 0.3185 0.0124533 0.009
0 0.582192 0.3015 0.0136986 0.011
0 0.862391 0.4935 0.011208 0.009
0 0.298879 0.4315 0.0174346 0.011
0 0.298879 0.3585 0.014944 0.011
0 0.576588 0.525 0.014944 0.01
0 0.786426 0.0975 0.222914 0.015
0 0.294521 0.5215 0.011208 0.011
0 0.579078 0.392 0.0124533 0.01
0 0.295766 0.4765 0.0136986 0.011
0 0.577833 0.538 0.0124533 0.012
0 0.582192 0.3165 0.0136986 0.011
0 0.300125 0.3735 0.014944 0.011
0 0.300747 0.3295 0.0136986 0.011
0 0.17061 0.6225 0.0523039 0.015
0 0.298879 0.4025 0.0174346 0.011
0 0.457036 0.4775 0.0896638 0.013
0 0.17746 0.6115 0.0684932 0.017
0 0.577833 0.495 0.00996264 0.012
0 0.30137 0.284 0.014944 0.012
0 0.508717 0.097 0.180573 0.012
0 0.579078 0.347 0.0124533 0.01
0 0.864882 0.3035 0.0136986 0.009
0 0.576588 0.4805 0.014944 0.011
0 0.272727 0.64 0.0348692 0.012
0 0.861768 0.523 0.0124533 0.01
0 0.16812 0.64 0.0348692 0.012
0 0.442715 0.4035 0.0709838 0.013
0 0.298879 0.314 0.014944 0.01
0 0.715442 0.3905 0.0485679 0.013
0 0.16812 0.669 0.0323786 0.012
0 0.318182 0.1515 0.0311332 0.013
0 0.753425 0.332 0.11457 0.014
0 0.195517 0.3435 0.0946451 0.013
0 0.863014 0.3755 0.0124533 0.009
0 0.582814 0.2865 0.014944 0.011
0 0.178705 0.2995 0.0635118 0.013
0 0.16812 0.6545 0.0323786 0.013
0 0.427148 0.536 0.0398506 0.012
0 0.271482 0.655 0.0348692 0.012
0 0.174346 0.4465 0.0572852 0.013
0 0.168742 0.6835 0.0361146 0.013
0 0.452055 0.3605 0.0797011 0.011
0 0.747198 0.362 0.109589 0.012
0 0.446451 0.3885 0.0759651 0.013
0 0.211083 0.848 0.0884184 0.012
0 0.509963 0.1095 0.198007 0.013
0 0.460149 0.463 0.105853 0.012
0 0.204234 0.373 0.104608 0.012
0 0.172478 0.5215 0.0635118 0.011
0 0.723537 0.4205 0.0647572 0.013
0 0.711706 0.405 0.0460772 0.014
0 0.271482 0.108 0.141968 0.012
0 0.48132 0.8325 0.0909091 0.013
0 0.439601 0.433 0.0597758 0.012
0 0.447073 0.316 0.0772105 0.012
0 0.185554 0.1495 0.0697385 0.013
0 0.183064 0.387 0.0772105 0.012
0 0.271482 0.67 0.0298879 0.012
0 0.17995 0.314 0.0660025 0.014
0 0.770237 0.7725 0.118306 0.015
0 0.450187 0.3455 0.0784558 0.013
0 0.724159 0.303 0.0635118 0.012
0 0.277086 0.626 0.0635118 0.014
0 0.727273 0.495 0.0747198 0.012
0 0.484433 0.7885 0.0871731 0.013
0 0.436488 0.3015 0.0510585 0.013
0 0.739103 0.4495 0.0933997 0.013
0 0.169365 0.4605 0.0523039 0.013
0 0.351183 0.7135 0.550436 0.015
0 0.167497 0.4015 0.0510585 0.013
0 0.514321 0.0815 0.191781 0.013
0 0.476961 0.7585 0.0946451 0.013
0 0.182441 0.284 0.0709838 0.014
0 0.176214 0.1795 0.0535492 0.015
0 0.759029 0.347 0.13325 0.014
0 0.24533 0.079 0.0797011 0.012
0 0.179328 0.432 0.0697385 0.012
0 0.185554 0.329 0.0747198 0.012
0 0.449564 0.418 0.0747198 0.012
0 0.212329 0.7885 0.0909091 0.013
0 0.480075 0.8465 0.0909091 0.013
0 0.729141 0.4355 0.0734745 0.013
0 0.803238 0.023 0.0697385 0.016
0 0.483188 0.803 0.0871731 0.014
0 0.180573 0.416 0.0722291 0.014
0 0.458281 0.3745 0.0946451 0.013
0 0.250934 0.0935 0.100872 0.011
0 0.768991 0.6415 0.113325 0.015
0 0.176837 0.4915 0.0672478 0.013
0 0.480075 0.818 0.0933997 0.014
0 0.163761 0.506 0.0435866 0.012
0 0.734745 0.4795 0.0846824 0.013
0 0.479452 0.773 0.0946451 0.014
0 0.340598 0.5805 0.474471 0.015
0 0.183064 0.476 0.0846824 0.014
0 0.442715 0.744 0.0809465 0.012
0 0.181818 0.535 0.0772105 0.012
0 0.743462 0.524 0.102117 0.014
0 0.751557 0.319 0.115816 0.014
0 0.444583 0.6105 0.0797011 0.013
0 0.176837 0.743 0.0697385 0.014
0 0.209215 0.759 0.0946451 0.014
0 0.184932 0.3575 0.0809465 0.013
0 0.470735 0.4485 0.122042 0.015
0 0.248443 0.2105 0.195517 0.017
0 0.732254 0.2885 0.0722291 0.015
0 0.353051 0.255 0.511831 0.016
0 0.212329 0.833 0.0884184 0.012
0 0.466999 0.5225 0.11208 0.013
0 0.445828 0.493 0.0797011 0.014
0 0.775218 0.745 0.190535 0.018
0 0.212329 0.818 0.0909091 0.014
0 0.735367 0.376 0.0859278 0.012
0 0.473848 0.3305 0.128269 0.013
0 0.341843 0.1805 0.0809465 0.017
0 0.664384 0.0215 0.115816 0.015
0 0.477584 0.5075 0.138232 0.015
0 0.455791 0.2865 0.0871731 0.013
0 0.211083 0.7735 0.0933997 0.015
0 0.211083 0.8035 0.0909091 0.015
0 0.448319 0.211 0.127024 0.018
0 0.758406 0.51 0.129514 0.016
0 0.780822 0.6125 0.194271 0.017
0 0.513076 0.6665 0.186799 0.075
