0 0.0748387 0.9305 0.0464516 0.015
0 0.0825806 0.1125 0.0593548 0.017
0 0.732903 0.339 0.043871 0.014
0 0.775484 0.1235 0.0619355 0.015
0 0.776774 0.1055 0.0670968 0.017
0 0.28 0.5685 0.477419 0.021
0 0.357419 0.299 0.619355 0.022
0 0.632258 0.107 0.0593548 0.016
0 0.0967742 0.146 0.0929032 0.018
0 0.62 0.333 0.0735484 0.028
0 0.112903 0.687 0.127742 0.016
0 0.466452 0.6185 0.143226 0.017
0 0.458065 0.2045 0.510968 0.019
0 0.789677 0.3325 0.0490323 0.027
0 0.285806 0.343 0.0864516 0.016
0 0.482581 0.595 0.167742 0.018
0 0.416774 0.144 0.547097 0.018
0 0.633548 0.1245 0.0619355 0.015
0 0.127742 0.7625 0.149677 0.017
0 0.710323 0.0715 0.184516 0.019
0 0.119355 0.2075 0.135484 0.019
0 0.16 0.6515 0.211613 0.019
0 0.188387 0.0755 0.123871 0.019
0 0.130323 0.84 0.152258 0.018
