0 0.218828 0.827 0.128429 0.014
0 0.138404 0.759 0.0299252 0.014
0 0.408354 0.81 0.103491 0.014
0 0.563591 0.8445 0.114713 0.015
0 0.184539 0.143 0.109726 0.014
0 0.399626 0.829 0.0910224 0.016
0 0.205112 0.7935 0.0985037 0.015
0 0.200125 0.846 0.0910224 0.016
0 0.55611 0.794 0.0972569 0.016
0 0.396509 0.7945 0.0872818 0.015
0 0.59601 0.138 0.558603 0.016
0 0.217581 0.81 0.125935 0.014
0 0.552993 0.7765 0.09601 0.015
0 0.516833 0.0785 0.385287 0.017
0 0.554239 0.8105 0.0935162 0.015
0 0.407107 0.8455 0.103491 0.015
0 0.199501 0.5355 0.142145 0.015
0 0.201372 0.6045 0.145885 0.017
0 0.198254 0.776 0.084788 0.016
0 0.208229 0.4145 0.157107 0.017
0 0.225686 0.8625 0.142145 0.015
0 0.402743 0.8795 0.0972569 0.017
0 0.406484 0.8615 0.107232 0.015
0 0.551746 0.8625 0.0885287 0.015
0 0.447631 0.3465 0.162095 0.015
0 0.585411 0.8265 0.15586 0.015
0 0.443267 0.2755 0.193267 0.017
0 0.42581 0.41 0.158354 0.016
0 0.19015 0.278 0.130923 0.016
0 0.409601 0.7755 0.108479 0.015
0 0.209476 0.347 0.164589 0.016
0 0.410848 0.2105 0.153367 0.017
