0 0.177057 0.8445 0.122195 0.013
0 0.361596 0.8305 0.084788 0.011
0 0.509352 0.83 0.0860349 0.012
0 0.36409 0.8575 0.0972569 0.013
0 0.478803 0.423 0.311721 0.02
0 0.510598 0.8575 0.0835411 0.013
0 0.180175 0.832 0.11596 0.014
0 0.103491 0.793 0.0274314 0.014
0 0.479426 0.0875 0.375312 0.021
0 0.357232 0.818 0.0835411 0.012
0 0.167706 0.819 0.0935162 0.012
0 0.366584 0.87 0.102244 0.012
0 0.162095 0.807 0.084788 0.016
0 0.543641 0.843 0.149626 0.014
0 0.499377 0.148 0.495012 0.016
0 0.362843 0.884 0.0947631 0.014
0 0.363466 0.844 0.09601 0.014
0 0.162718 0.8585 0.0810474 0.013
0 0.513092 0.8165 0.09601 0.013
0 0.509352 0.803 0.0910224 0.014
0 0.368454 0.804 0.108479 0.016
0 0.302993 0.198 0.074813 0.016
0 0.148379 0.32 0.127182 0.016
0 0.139027 0.1495 0.108479 0.015
0 0.466334 0.268 0.399002 0.016
0 0.325436 0.318 0.139651 0.016
0 0.161471 0.611 0.140898 0.016
0 0.19015 0.872 0.145885 0.016
0 0.165835 0.424 0.149626 0.018
0 0.167706 0.3725 0.160848 0.017
0 0.161471 0.559 0.140898 0.016
0 0.400249 0.367 0.201995 0.018
0 0.137781 0.2585 0.103491 0.027
