0 0.148528 0.818 0.122919 0.016
0 0.289373 0.18 0.166453 0.02
0 0.336748 0.1815 0.0435339 0.015
0 0.256082 0.1815 0.0742638 0.017
0 0.615877 0.1275 0.028169 0.015
0 0.100512 0.758 0.0243278 0.012
0 0.503841 0.791 0.0934699 0.016
0 0.741997 0.7895 0.116517 0.015
0 0.345711 0.8435 0.110115 0.015
0 0.505762 0.826 0.099872 0.014
0 0.502561 0.8075 0.0934699 0.015
0 0.34315 0.791 0.110115 0.016
0 0.130602 0.862 0.0870679 0.016
0 0.132522 0.845 0.0806658 0.014
0 0.149168 0.809 0.126761 0.014
0 0.505122 0.8785 0.0883483 0.015
0 0.517286 0.8605 0.117798 0.015
0 0.147247 0.129 0.128041 0.016
0 0.151088 0.827 0.128041 0.016
0 0.743918 0.807 0.128041 0.014
0 0.135723 0.792 0.099872 0.016
0 0.53265 0.844 0.153649 0.014
0 0.149808 0.6275 0.130602 0.029
0 0.34379 0.8615 0.111396 0.015
0 0.130602 0.7745 0.0921895 0.015
0 0.130602 0.348 0.0870679 0.03
0 0.449424 0.2885 0.396927 0.017
0 0.341869 0.808 0.107554 0.016
0 0.137004 0.4615 0.0973111 0.017
0 0.338028 0.826 0.102433 0.016
0 0.503201 0.773 0.0947503 0.016
0 0.341869 0.774 0.107554 0.016
0 0.423816 0.129 0.379001 0.018
0 0.382843 0.6335 0.166453 0.019
0 0.145967 0.2865 0.12548 0.017
0 0.151729 0.4095 0.134443 0.019
0 0.745839 0.7725 0.1242 0.015
0 0.161972 0.2345 0.147247 0.017
0 0.149808 0.521 0.130602 0.032
0 0.379001 0.2325 0.158771 0.019
0 0.518566 0.0695 0.279129 0.021
