0 0.484644 0.723 0.627764 0.038
0 0.87285 0.0325 0.0429975 0.019
0 0.365479 0.7925 0.0307125 0.011
0 0.407862 0.159 0.493858 0.012
0 0.503685 0.309 0.646192 0.02
0 0.233415 0.553 0.0810811 0.018
0 0.229115 0.5255 0.0724816 0.019
0 0.231572 0.389 0.0724816 0.018
0 0.325553 0.277 0.0737101 0.016
0 0.468673 0.28 0.0552826 0.016
0 0.236486 0.4165 0.0872236 0.021
0 0.563268 0.2795 0.0823096 0.015
0 0.370393 0.5275 0.114251 0.015
0 0.420762 0.0365 0.114251 0.015
0 0.434889 0.416 0.255528 0.02
0 0.396192 0.348 0.414005 0.018
0 0.374693 0.554 0.201474 0.018
0 0.469287 0.806 0.149877 0.016
0 0.194717 0.0375 0.136364 0.013
0 0.334767 0.4845 0.291155 0.021
0 0.30344 0.5815 0.235872 0.021
0 0.305283 0.443 0.224816 0.018
0 0.466216 0.791 0.158477 0.016
0 0.259214 0.6215 0.137592 0.019
0 0.504914 0.581 0.157248 0.02
0 0.394963 0.39 0.190418 0.018
0 0.514128 0.445 0.136364 0.018
0 0.514742 0.224 0.253071 0.022
0 0.519656 0.6505 0.380835 0.081
0 0.289926 0.12 0.29484 0.076
