0 0.617684 0.206 0.669988 0.032
0 0.137609 0.177 0.0286426 0.014
0 0.138854 0.209 0.0286426 0.014
0 0.422167 0.205 0.503113 0.02
0 0.414695 0.5625 0.0348692 0.015
0 0.150685 0.309 0.0547945 0.016
0 0.422167 0.5945 0.0498132 0.015
0 0.429016 0.4015 0.0660025 0.017
0 0.733499 0.821 0.0572852 0.02
0 0.429016 0.693 0.0585305 0.018
0 0.42528 0.4335 0.0585305 0.015
0 0.234122 0.1435 0.0896638 0.015
0 0.479452 0.8215 0.154421 0.015
0 0.739726 0.782 0.0722291 0.022
0 0.437111 0.3365 0.0871731 0.017
0 0.457659 0.8075 0.110834 0.015
0 0.437734 0.5295 0.0809465 0.017
0 0.742217 0.8035 0.0473225 0.017
0 0.503736 0.482 0.198007 0.022
0 0.431507 0.305 0.0759651 0.016
0 0.221669 0.598 0.186799 0.018
0 0.511831 0.239 0.249066 0.018
0 0.210461 0.404 0.184309 0.016
0 0.471357 0.789 0.13325 0.016
0 0.182441 0.485 0.115816 0.016
0 0.194894 0.5655 0.13076 0.015
0 0.506849 0.757 0.209215 0.018
0 0.220423 0.2755 0.199253 0.017
0 0.183686 0.373 0.120797 0.016
0 0.228518 0.175 0.110834 0.016
0 0.22665 0.339 0.209215 0.018
0 0.235367 0.436 0.224159 0.018
0 0.194894 0.6955 0.125778 0.017
0 0.505604 0.6585 0.256538 0.035
0 0.247821 0.727 0.244085 0.018
0 0.224782 0.5325 0.195517 0.017
0 0.470112 0.272 0.158157 0.018
0 0.539851 0.107 0.292653 0.018
0 0.232877 0.662 0.206725 0.016
0 0.254047 0.6285 0.256538 0.019
