0 0.425373 0.3165 0.0149254 0.015
0 0.149876 0.1575 0.028607 0.013
0 0.148632 0.19 0.0310945 0.014
0 0.447761 0.4815 0.0597015 0.015
0 0.750622 0.804 0.0584577 0.014
0 0.439677 0.577 0.0435323 0.014
0 0.739428 0.789 0.068408 0.014
0 0.452736 0.387 0.0721393 0.014
0 0.160448 0.288 0.0522388 0.014
0 0.719527 0.771 0.0609453 0.018
0 0.252488 0.1245 0.106965 0.015
0 0.457711 0.6125 0.0820896 0.015
0 0.458333 0.417 0.0783582 0.016
0 0.733209 0.7365 0.0932836 0.019
0 0.447139 0.188 0.53607 0.018
0 0.490672 0.5475 0.143035 0.015
0 0.462687 0.3455 0.0870647 0.015
0 0.774254 0.1785 0.0858209 0.033
0 0.188433 0.466 0.115672 0.016
0 0.228856 0.255 0.206468 0.016
0 0.192164 0.353 0.123134 0.016
0 0.242537 0.157 0.121891 0.016
0 0.464552 0.7905 0.118159 0.013
0 0.49005 0.2575 0.141791 0.013
0 0.513682 0.741 0.211443 0.018
0 0.483831 0.8065 0.159204 0.015
0 0.226368 0.5795 0.189055 0.017
0 0.197139 0.547 0.135572 0.016
0 0.675373 0.511 0.532338 0.018
0 0.197139 0.6775 0.128109 0.017
0 0.236318 0.32 0.208955 0.016
0 0.47699 0.773 0.143035 0.016
0 0.506841 0.674 0.0982587 0.034
0 0.233209 0.514 0.197761 0.016
0 0.220149 0.3845 0.174129 0.017
0 0.236318 0.6445 0.211443 0.017
0 0.245025 0.416 0.228856 0.016
0 0.254353 0.611 0.257463 0.02
0 0.250622 0.709 0.245025 0.018
0 0.557836 0.0905 0.284826 0.017
0 0.661692 0.6365 0.268657 0.073
0 0.506841 0.287 0.182836 0.016
