0 0.153257 0.665 0.0357599 0.014
0 0.538953 0.2195 0.0332056 0.017
0 0.40613 0.3145 0.551724 0.023
0 0.372286 0.232 0.236271 0.016
0 0.702427 0.2045 0.0740741 0.017
0 0.272669 0.664 0.0727969 0.016
0 0.371648 0.2025 0.245211 0.017
0 0.208812 0.6655 0.0651341 0.015
0 0.632822 0.758 0.0395913 0.016
0 0.871648 0.204 0.223499 0.016
0 0.162197 0.4445 0.0536398 0.019
0 0.441252 0.404 0.249042 0.02
0 0.833972 0.756 0.158365 0.022
0 0.344828 0.475 0.0613027 0.014
0 0.172414 0.4745 0.0740741 0.017
0 0.487229 0.6045 0.711367 0.081
0 0.222222 0.1585 0.178799 0.019
0 0.505109 0.357 0.729246 0.054
0 0.772669 0.2765 0.10728 0.019
0 0.186462 0.204 0.102171 0.018
0 0.699234 0.757 0.0753512 0.016
0 0.768838 0.31 0.0970626 0.016
0 0.679438 0.6845 0.204342 0.065
0 0.542784 0.6965 0.0817369 0.019
0 0.824393 0.164 0.149425 0.028
0 0.40166 0.28 0.547893 0.024
0 0.680715 0.475 0.268199 0.018
0 0.193487 0.2355 0.111111 0.017
0 0.210089 0.4065 0.141762 0.017
0 0.501916 0.797 0.756066 0.046
0 0.533206 0.665 0.167305 0.022
0 0.510856 0.118 0.309068 0.022
0 0.658365 0.406 0.1341 0.02
0 0.36143 0.758 0.475096 0.024
0 0.4106 0.1565 0.182631 0.017
0 0.382503 0.4455 0.164751 0.019
0 0.6341 0.856 0.37931 0.036
0 0.238186 0.062 0.15198 0.05
0 0.698595 0.446 0.288633 0.02
0 0.261175 0.852 0.272031 0.022
