0 0.438992 0.6665 0.0212202 0.015
0 0.667109 0.663 0.0875332 0.018
0 0.316976 0.6645 0.0212202 0.013
0 0.122016 0.904 0.0238727 0.01
0 0.316313 0.7225 0.0198939 0.013
0 0.423077 0.5495 0.0981432 0.015
0 0.68435 0.721 0.106101 0.016
0 0.387268 0.665 0.116711 0.016
0 0.677719 0.6925 0.0954907 0.017
0 0.261936 0.424 0.11008 0.016
0 0.287135 0.6395 0.157825 0.015
0 0.26061 0.3665 0.104775 0.017
0 0.512599 0.3935 0.274536 0.017
0 0.409814 0.6935 0.193634 0.017
0 0.392573 0.722 0.132626 0.016
0 0.267905 0.6175 0.122016 0.019
0 0.742042 0.8455 0.128647 0.015
0 0.287798 0.5515 0.159151 0.017
0 0.375995 0.789 0.332891 0.018
0 0.429045 0.4215 0.11008 0.015
0 0.279841 0.3955 0.143236 0.017
0 0.555703 0.8215 0.106101 0.015
0 0.477454 0.3635 0.206897 0.013
0 0.519894 0.119 0.668435 0.098
0 0.277188 0.5225 0.140584 0.017
0 0.585544 0.849 0.136605 0.016
0 0.515252 0.242 0.659151 0.028
0 0.350796 0.334 0.303714 0.02
0 0.427056 0.8475 0.124668 0.015
0 0.276525 0.85 0.136605 0.016
0 0.332891 0.8215 0.246684 0.017
