0 0.190318 0.4765 0.125995 0.015
0 0.460212 0.4825 0.0822281 0.011
0 0.453581 0.749 0.0371353 0.014
0 0.181034 0.469 0.123342 0.012
0 0.871353 0.923 0.0822281 0.016
0 0.450265 0.656 0.0596817 0.012
0 0.504642 0.376 0.261273 0.014
0 0.191645 0.4825 0.136605 0.013
0 0.464191 0.4695 0.0875332 0.011
0 0.448939 0.562 0.0517241 0.014
0 0.159151 0.7225 0.0689655 0.015
0 0.712202 0.471 0.0954907 0.012
0 0.137268 0.924 0.0729443 0.014
0 0.490716 0.6165 0.145889 0.015
0 0.45756 0.4955 0.071618 0.011
0 0.362732 0.1335 0.112732 0.015
0 0.370027 0.869 0.530504 0.018
0 0.19496 0.496 0.137931 0.014
0 0.155172 0.161 0.0530504 0.014
0 0.46618 0.456 0.0888594 0.014
0 0.456233 0.5095 0.071618 0.013
0 0.242706 0.375 0.233422 0.016
0 0.171751 0.789 0.0941645 0.016
0 0.722812 0.135 0.111406 0.014
0 0.196286 0.295 0.143236 0.014
0 0.456897 0.4295 0.0702918 0.013
0 0.297745 0.8155 0.354111 0.017
0 0.199602 0.3225 0.14191 0.015
0 0.240053 0.7485 0.238727 0.015
0 0.178382 0.4555 0.11008 0.013
0 0.497347 0.6695 0.156499 0.015
0 0.491379 0.642 0.139257 0.014
0 0.190318 0.1875 0.133952 0.015
0 0.488727 0.5885 0.139257 0.015
0 0.753316 0.563 0.180371 0.014
0 0.728117 0.4565 0.124668 0.013
0 0.499337 0.2415 0.253316 0.015
