0 0.40212 0.1875 0.55985 0.019
0 0.273691 0.1705 0.0735661 0.013
0 0.322943 0.82 0.0299252 0.018
0 0.200125 0.1695 0.0660848 0.015
0 0.688903 0.3355 0.0286783 0.015
0 0.144015 0.0465 0.148379 0.017
0 0.839776 0.0415 0.0411471 0.015
0 0.115337 0.4915 0.0810474 0.019
0 0.105985 0.6345 0.0673317 0.021
0 0.407107 0.8205 0.108479 0.021
0 0.244389 0.332 0.0798005 0.016
0 0.106608 0.3285 0.0610973 0.017
0 0.13404 0.7355 0.133416 0.019
0 0.108479 0.451 0.0698254 0.02
0 0.206359 0.5935 0.283042 0.023
0 0.206359 0.676 0.280549 0.022
0 0.494389 0.7385 0.425187 0.021
0 0.181421 0.533 0.22818 0.02
0 0.355985 0.638 0.178304 0.02
0 0.423317 0.679 0.138404 0.022
0 0.256234 0.41 0.377805 0.022
0 0.606608 0.3535 0.28803 0.023
0 0.610973 0.0435 0.319202 0.015
0 0.311721 0.451 0.142145 0.022
0 0.53616 0.332 0.144638 0.02
0 0.44202 0.9325 0.764339 0.051
0 0.188279 0.1425 0.279302 0.079
0 0.47818 0.2625 0.425187 0.033
