0 0.562334 0.8065 0.0848806 0.017
0 0.37069 0.2875 0.0517241 0.013
0 0.482759 0.5025 0.0291777 0.015
0 0.775199 0.902 0.0411141 0.014
0 0.255968 0.2875 0.140584 0.015
0 0.731432 0.1175 0.0517241 0.017
0 0.245358 0.301 0.161804 0.014
0 0.422414 0.443 0.0596817 0.014
0 0.563661 0.8 0.0848806 0.016
0 0.10809 0.1575 0.0570292 0.015
0 0.235411 0.804 0.0888594 0.024
0 0.485411 0.676 0.0477454 0.016
0 0.235411 0.746 0.0915119 0.016
0 0.255968 0.274 0.151194 0.014
0 0.393236 0.387 0.123342 0.016
0 0.265915 0.5025 0.107427 0.017
0 0.309019 0.8585 0.334218 0.015
0 0.134615 0.904 0.107427 0.016
0 0.236737 0.7185 0.0782493 0.015
0 0.559682 0.7185 0.0769231 0.015
0 0.334218 0.3595 0.28382 0.019
0 0.418435 0.4695 0.0649867 0.015
0 0.286472 0.8785 0.28382 0.017
0 0.474138 0.6415 0.757294 0.029
0 0.501989 0.2735 0.287798 0.019
0 0.598143 0.313 0.480106 0.04
0 0.236737 0.7735 0.102122 0.017
0 0.700928 0.4695 0.118037 0.015
0 0.576923 0.3865 0.119363 0.015
0 0.14191 0.839 0.129973 0.016
0 0.393236 0.7105 0.104775 0.029
0 0.410477 0.416 0.0835544 0.014
0 0.407825 0.26 0.12069 0.016
0 0.559682 0.7725 0.124668 0.017
0 0.559019 0.745 0.118037 0.016
0 0.236074 0.2595 0.190981 0.015
0 0.179708 0.551 0.197613 0.016
0 0.727454 0.7105 0.11008 0.029
0 0.476127 0.2075 0.466844 0.043
