0 0.146552 0.5135 0.0225464 0.009
0 0.481432 0.3635 0.0106101 0.013
0 0.156499 0.209 0.0265252 0.014
0 0.638594 0.273 0.494695 0.02
0 0.738064 0.803 0.0623342 0.014
0 0.508621 0.24 0.701591 0.018
0 0.155836 0.239 0.0278515 0.012
0 0.165119 0.332 0.0490716 0.014
0 0.421088 0.3025 0.0437666 0.013
0 0.736074 0.786 0.0875332 0.022
0 0.429045 0.453 0.0623342 0.014
0 0.743369 0.8175 0.0543767 0.015
0 0.429708 0.423 0.0636605 0.014
0 0.46618 0.5745 0.14191 0.015
0 0.419098 0.696 0.0477454 0.014
0 0.19496 0.393 0.116711 0.014
0 0.19695 0.5735 0.1313 0.015
0 0.449602 0.802 0.108753 0.014
0 0.243369 0.209 0.11008 0.014
0 0.465517 0.8175 0.148541 0.015
0 0.464191 0.6045 0.145889 0.017
0 0.461538 0.544 0.137931 0.016
0 0.447613 0.333 0.0994695 0.016
0 0.245358 0.4525 0.214854 0.017
0 0.190981 0.498 0.108753 0.016
0 0.235411 0.3625 0.200265 0.015
0 0.230106 0.543 0.189655 0.016
0 0.255305 0.1785 0.096817 0.015
0 0.461538 0.7865 0.135279 0.015
0 0.234085 0.665 0.200265 0.016
0 0.226127 0.6035 0.179045 0.017
0 0.196286 0.6945 0.122016 0.015
0 0.220822 0.4235 0.157825 0.015
0 0.541777 0.149 0.282493 0.016
0 0.54244 0.6545 0.180371 0.075
0 0.495358 0.757 0.202918 0.016
0 0.231432 0.302 0.18435 0.016
0 0.249337 0.7255 0.230769 0.017
0 0.255305 0.634 0.240053 0.016
