0 0.633289 0.174 0.0676393 0.016
0 0.156499 0.1515 0.061008 0.015
0 0.80305 0.155 0.0702918 0.016
0 0.802387 0.1745 0.0689655 0.017
0 0.88992 0.914 0.0557029 0.016
0 0.579576 0.28 0.501326 0.024
0 0.169761 0.3195 0.0901857 0.015
0 0.505305 0.7955 0.740053 0.023
0 0.293767 0.123 0.0994695 0.016
0 0.633289 0.154 0.0702918 0.016
0 0.240716 0.2995 0.218833 0.017
0 0.331565 0.8605 0.0848806 0.017
0 0.316976 0.828 0.066313 0.016
0 0.243369 0.773 0.221485 0.016
0 0.447613 0.2045 0.425729 0.017
0 0.312334 0.7535 0.364721 0.017
0 0.215517 0.4655 0.189655 0.017
0 0.169761 0.203 0.0875332 0.016
0 0.734748 0.1265 0.185676 0.015
0 0.224801 0.2785 0.192308 0.017
0 0.242042 0.6125 0.245358 0.017
