0 0.321072 0.6645 0.317955 0.015
0 0.652743 0.2825 0.0311721 0.013
0 0.437656 0.504 0.0149626 0.012
0 0.431421 0.5335 0.0199501 0.011
0 0.537407 0.46 0.0174564 0.016
0 0.558603 0.5025 0.0224439 0.011
0 0.433915 0.548 0.0199501 0.012
0 0.357855 0.3 0.139651 0.014
0 0.348504 0.314 0.113466 0.014
0 0.512469 0.6625 0.703242 0.019
0 0.438279 0.487 0.0162095 0.014
0 0.329177 0.678 0.286783 0.016
0 0.558603 0.487 0.0224439 0.014
0 0.554863 0.519 0.032419 0.012
0 0.428928 0.562 0.0299252 0.012
0 0.553616 0.5475 0.0299252 0.011
0 0.305486 0.5335 0.0523691 0.013
0 0.657731 0.326 0.021197 0.012
0 0.554239 0.533 0.0311721 0.012
0 0.55611 0.562 0.042394 0.012
0 0.766833 0.2955 0.0224439 0.013
0 0.304239 0.62 0.269327 0.016
0 0.300499 0.5035 0.0573566 0.015
0 0.523691 0.724 0.680798 0.044
0 0.488778 0.621 0.0548628 0.012
0 0.430798 0.5185 0.0286783 0.013
0 0.762469 0.311 0.0286783 0.012
0 0.421446 0.4005 0.513716 0.017
0 0.341646 0.3285 0.0972569 0.015
0 0.477556 0.3855 0.104738 0.011
0 0.288653 0.548 0.0785536 0.012
0 0.613466 0.6785 0.187032 0.015
0 0.279302 0.5625 0.0573566 0.013
0 0.301746 0.52 0.0548628 0.014
0 0.873441 0.0195 0.0760598 0.015
0 0.557357 0.0225 0.104738 0.017
0 0.342269 0.3435 0.0985037 0.013
0 0.339776 0.2845 0.0910224 0.015
0 0.301122 0.4895 0.0561097 0.015
0 0.770574 0.34 0.0448878 0.014
0 0.430175 0.4595 0.0798005 0.015
0 0.485037 0.372 0.129676 0.014
0 0.294264 0.2555 0.256858 0.015
0 0.36409 0.182 0.122195 0.016
0 0.354738 0.0265 0.120948 0.015
0 0.28803 0.4315 0.23192 0.015
0 0.188279 0.0275 0.142145 0.015
0 0.539277 0.5915 0.193267 0.015
0 0.776808 0.3985 0.134663 0.015
0 0.271197 0.373 0.185786 0.016
0 0.524938 0.09 0.301746 0.05
0 0.298628 0.591 0.263092 0.018
0 0.508105 0.217 0.674564 0.036
