0 0.823607 0.6805 0.0238727 0.011
0 0.503979 0.5415 0.724138 0.043
0 0.325597 0.3305 0.0172414 0.013
0 0.512599 0.5075 0.759947 0.043
0 0.500663 0.5635 0.736074 0.051
0 0.604775 0.411 0.193634 0.016
0 0.265252 0.331 0.0265252 0.014
0 0.64191 0.6485 0.0185676 0.015
0 0.284483 0.411 0.0198939 0.012
0 0.255968 0.291 0.0212202 0.012
0 0.252653 0.3045 0.0331565 0.011
0 0.823607 0.667 0.0132626 0.012
0 0.255305 0.275 0.0331565 0.012
0 0.720159 0.408 0.0265252 0.012
0 0.742042 0.2565 0.0251989 0.015
0 0.720822 0.423 0.0251989 0.014
0 0.202918 0.334 0.0424403 0.014
0 0.171088 0.3045 0.0689655 0.015
0 0.275862 0.425 0.0344828 0.012
0 0.218833 0.894 0.0318302 0.012
0 0.179045 0.2905 0.0848806 0.013
0 0.157825 0.334 0.0397878 0.014
0 0.278515 0.395 0.0238727 0.014
0 0.464854 0.6965 0.0384615 0.015
0 0.720822 0.3905 0.0251989 0.015
0 0.18435 0.2765 0.0954907 0.015
0 0.161141 0.4125 0.0464191 0.013
0 0.535809 0.478 0.761273 0.034
0 0.740716 0.2735 0.0676393 0.015
0 0.253316 0.2575 0.0371353 0.015
0 0.161141 0.2615 0.0490716 0.013
0 0.608753 0.1885 0.209549 0.017
0 0.547082 0.6075 0.5 0.017
0 0.285146 0.726 0.307692 0.018
0 0.736074 0.288 0.0795756 0.014
0 0.628647 0.2895 0.114058 0.015
0 0.629973 0.2735 0.111406 0.015
0 0.256631 0.653 0.0490716 0.014
0 0.169761 0.427 0.066313 0.014
0 0.832891 0.694 0.0795756 0.014
0 0.255305 0.637 0.224138 0.018
0 0.169098 0.1705 0.0676393 0.017
0 0.171751 0.3965 0.0676393 0.015
0 0.613395 0.167 0.0994695 0.014
0 0.264589 0.6825 0.0649867 0.013
0 0.719496 0.3305 0.0676393 0.017
0 0.628647 0.259 0.103448 0.014
0 0.221485 0.372 0.161804 0.016
0 0.224138 0.458 0.172414 0.014
0 0.621353 0.332 0.0941645 0.016
0 0.594164 0.1385 0.0689655 0.015
0 0.602122 0.425 0.183024 0.018
0 0.28382 0.6675 0.100796 0.015
0 0.647878 0.697 0.0702918 0.016
0 0.6187 0.2345 0.0941645 0.015
0 0.751326 0.1355 0.1313 0.019
0 0.554377 0.371 0.0954907 0.016
0 0.596154 0.3945 0.17374 0.015
0 0.442971 0.197 0.132626 0.016
0 0.751326 0.1675 0.125995 0.015
0 0.316976 0.894 0.124668 0.016
0 0.201592 0.609 0.132626 0.018
0 0.518568 0.2125 0.217507 0.017
0 0.367374 0.1405 0.310345 0.019
0 0.503316 0.109 0.364721 0.018
0 0.330902 0.17 0.19496 0.018
0 0.221485 0.2365 0.175066 0.015
0 0.551061 0.757 0.688329 0.046
