0 0.525199 0.755 0.0212202 0.016
0 0.519231 0.675 0.0225464 0.016
0 0.518568 0.4105 0.0185676 0.013
0 0.697613 0.274 0.0238727 0.014
0 0.572944 0.754 0.0424403 0.02
0 0.194297 0.1885 0.096817 0.015
0 0.720159 0.215 0.0928382 0.02
0 0.352785 0.374 0.0318302 0.014
0 0.688329 0.7525 0.0265252 0.017
0 0.558355 0.675 0.0450928 0.02
0 0.256631 0.2275 0.0251989 0.015
0 0.647215 0.196 0.0503979 0.016
0 0.657825 0.119 0.127321 0.018
0 0.679708 0.673 0.0384615 0.018
0 0.557692 0.4105 0.0490716 0.017
0 0.78183 0.4855 0.096817 0.019
0 0.165119 0.285 0.0676393 0.018
0 0.452918 0.5705 0.629973 0.049
0 0.757294 0.2715 0.071618 0.021
0 0.18435 0.311 0.0981432 0.018
0 0.635279 0.1785 0.061008 0.017
0 0.558355 0.4905 0.0530504 0.019
0 0.777851 0.4055 0.0994695 0.017
0 0.655172 0.408 0.0477454 0.016
0 0.654509 0.3675 0.0490716 0.017
0 0.46618 0.4925 0.0490716 0.019
0 0.447613 0.2795 0.0729443 0.019
0 0.464854 0.452 0.0490716 0.018
0 0.228117 0.3755 0.193634 0.021
0 0.23939 0.2045 0.22679 0.019
0 0.461538 0.3715 0.0503979 0.019
0 0.658488 0.4885 0.0490716 0.019
0 0.557029 0.45 0.0530504 0.02
0 0.46817 0.646 0.0557029 0.02
0 0.319629 0.2815 0.0503979 0.019
0 0.463528 0.4125 0.0490716 0.019
0 0.301724 0.679 0.330239 0.022
0 0.170424 0.2325 0.0755968 0.017
0 0.781167 0.445 0.100796 0.018
0 0.530504 0.528 0.522546 0.022
0 0.596817 0.276 0.0928382 0.02
0 0.657162 0.4485 0.0490716 0.019
0 0.777851 0.3655 0.0994695 0.019
0 0.230106 0.7875 0.165782 0.019
0 0.191645 0.258 0.12069 0.018
0 0.15252 0.1205 0.140584 0.015
0 0.555703 0.37 0.0530504 0.02
0 0.360743 0.3065 0.193634 0.019
0 0.198276 0.7085 0.096817 0.019
0 0.190981 0.536 0.0954907 0.018
0 0.29244 0.839 0.301061 0.022
0 0.26061 0.415 0.269231 0.022
0 0.645225 0.829 0.354111 0.02
0 0.301724 0.7595 0.309019 0.023
0 0.282493 0.862 0.267905 0.018
0 0.310345 0.1205 0.119363 0.015
0 0.47679 0.146 0.311671 0.022
0 0.384615 0.2505 0.185676 0.019
0 0.263263 0.653 0.234748 0.02
0 0.23939 0.4955 0.192308 0.021
0 0.524536 0.225 0.200265 0.022
0 0.248674 0.4555 0.21618 0.021
