0 0.431034 0.4995 0.0159151 0.013
0 0.429708 0.422 0.0159151 0.012
0 0.430371 0.462 0.0172414 0.012
0 0.360743 0.384 0.0265252 0.012
0 0.651194 0.7635 0.0106101 0.011
0 0.69695 0.2885 0.0145889 0.011
0 0.250663 0.241 0.0212202 0.012
0 0.52122 0.6855 0.0185676 0.013
0 0.563661 0.6865 0.0318302 0.013
0 0.677719 0.6855 0.0318302 0.015
0 0.818302 0.9185 0.0795756 0.091
0 0.685013 0.764 0.0251989 0.014
0 0.238727 0.796 0.156499 0.016
0 0.574271 0.7655 0.0344828 0.015
0 0.470822 0.5015 0.0477454 0.015
0 0.759947 0.288 0.0636605 0.016
0 0.46817 0.3835 0.0450928 0.015
0 0.813661 0.1155 0.0755968 0.015
0 0.562997 0.462 0.0490716 0.016
0 0.182361 0.293 0.0649867 0.018
0 0.656499 0.3825 0.0450928 0.015
0 0.653183 0.2105 0.0464191 0.015
0 0.603448 0.1975 0.0557029 0.013
0 0.470159 0.4625 0.0490716 0.015
0 0.470159 0.423 0.0464191 0.014
0 0.656499 0.422 0.0477454 0.016
0 0.659151 0.4995 0.0477454 0.017
0 0.198939 0.3195 0.0875332 0.017
0 0.330902 0.2925 0.0464191 0.015
0 0.244695 0.3845 0.18435 0.019
0 0.657162 0.4615 0.0464191 0.017
0 0.256631 0.2145 0.200265 0.015
0 0.153183 0.116 0.139257 0.014
0 0.561671 0.383 0.0464191 0.016
0 0.562997 0.501 0.0490716 0.016
0 0.363395 0.8695 0.405836 0.017
0 0.312334 0.7675 0.306366 0.019
0 0.562334 0.423 0.0477454 0.016
0 0.778515 0.4595 0.0981432 0.017
0 0.71817 0.2365 0.125995 0.015
0 0.780504 0.4985 0.0994695 0.017
0 0.539788 0.5395 0.549072 0.019
0 0.778515 0.4205 0.0954907 0.017
0 0.27122 0.424 0.248011 0.018
0 0.302387 0.116 0.111406 0.014
0 0.454907 0.291 0.0636605 0.016
0 0.545093 0.7125 0.501326 0.017
0 0.188329 0.241 0.0769231 0.016
0 0.557692 0.7915 0.484085 0.015
0 0.230769 0.1995 0.143236 0.013
0 0.309019 0.688 0.297082 0.018
0 0.635942 0.842 0.348806 0.016
0 0.36008 0.2655 0.160477 0.015
0 0.530504 0.238 0.190981 0.018
0 0.359416 0.3185 0.212202 0.015
0 0.202255 0.5435 0.0941645 0.017
0 0.581565 0.658 0.346154 0.016
0 0.602122 0.2895 0.0875332 0.017
0 0.259947 0.82 0.198939 0.014
0 0.777851 0.381 0.096817 0.016
0 0.261936 0.4635 0.21618 0.019
0 0.20756 0.716 0.096817 0.018
0 0.490716 0.5785 0.615385 0.043
0 0.208223 0.2675 0.116711 0.015
0 0.27321 0.661 0.228117 0.018
0 0.251326 0.503 0.187003 0.02
0 0.298408 0.847 0.297082 0.02
0 0.297082 0.7405 0.275862 0.017
0 0.482759 0.159 0.299735 0.018
