0 0.482759 0.453 0.742706 0.058
0 0.145889 0.3595 0.0344828 0.015
0 0.161804 0.3265 0.0689655 0.015
0 0.156499 0.2645 0.061008 0.015
0 0.154509 0.296 0.0570292 0.016
0 0.497347 0.944 0.668435 0.02
0 0.293767 0.2625 0.12069 0.017
0 0.486737 0.512 0.708223 0.046
0 0.822944 0.0875 0.0570292 0.013
0 0.297082 0.23 0.124668 0.016
0 0.295093 0.2935 0.115385 0.017
0 0.28183 0.091 0.324934 0.018
0 0.484748 0.197 0.377984 0.018
0 0.514589 0.323 0.212202 0.018
0 0.253316 0.565 0.246684 0.018
0 0.272546 0.129 0.370027 0.028
0 0.791777 0.2375 0.172414 0.143
0 0.372679 0.3555 0.249337 0.019
