0 0.683662 0.0605 0.150637 0.013
0 0.669757 0.044 0.180765 0.018
0 0.471031 0.4775 0.809965 0.133
0 0.699884 0.076 0.03708 0.014
0 0.557358 0.726 0.428737 0.022
0 0.635574 0.3215 0.0730012 0.021
0 0.568946 0.3245 0.0648899 0.015
0 0.568946 0.2955 0.0648899 0.017
0 0.702781 0.845 0.0683662 0.016
0 0.321553 0.6085 0.497103 0.015
0 0.622827 0.0765 0.114716 0.015
0 0.396871 0.3785 0.645423 0.037
0 0.560255 0.7635 0.443801 0.035
0 0.266512 0.8495 0.125145 0.017
0 0.495365 0.253 0.754345 0.056
0 0.467555 0.907 0.485516 0.018
0 0.6292 0.3415 0.19467 0.019
0 0.274044 0.3285 0.0567787 0.017
0 0.641947 0.8305 0.143685 0.027
0 0.154693 0.7595 0.158749 0.017
0 0.147161 0.639 0.150637 0.018
0 0.232329 0.1955 0.309386 0.019
0 0.192352 0.684 0.243337 0.018
0 0.461761 0.6445 0.258401 0.033
0 0.274044 0.298 0.0590962 0.018
0 0.577636 0.6885 0.469293 0.037
0 0.187717 0.7285 0.220162 0.017
0 0.526651 0.1255 0.471611 0.033
0 0.214368 0.826 0.229432 0.044
