0 0.5 0.6065 0.598466 0.023
0 0.398338 0.6165 0.438619 0.019
0 0.664962 0.4205 0.0153453 0.015
0 0.396419 0.02 0.439898 0.016
0 0.223146 0.357 0.0601023 0.014
0 0.873402 0.018 0.0511509 0.018
0 0.223146 0.383 0.0575448 0.014
0 0.396419 0.5765 0.421995 0.027
0 0.37468 0.312 0.132992 0.034
0 0.413043 0.4235 0.457801 0.017
0 0.485294 0.4505 0.147059 0.019
0 0.247442 0.6455 0.108696 0.015
0 0.36445 0.381 0.117647 0.016
0 0.617008 0.127 0.407928 0.014
0 0.544118 0.231 0.144501 0.016
0 0.361253 0.353 0.113811 0.016
0 0.258312 0.099 0.273657 0.074
0 0.290921 0.452 0.18798 0.016
