0 0.772436 0.662 0.0192308 0.014
0 0.794872 0.601 0.0205128 0.014
0 0.501282 0.2255 0.669231 0.023
0 0.816026 0.6615 0.0115385 0.015
0 0.548718 0.89 0.0153846 0.016
0 0.816026 0.6005 0.0166667 0.015
0 0.794872 0.661 0.0153846 0.012
0 0.713462 0.327 0.024359 0.016
0 0.774359 0.632 0.0128205 0.014
0 0.217308 0.4835 0.108974 0.017
0 0.523718 0.768 0.632051 0.02
0 0.528205 0.715 0.741026 0.068
0 0.187179 0.331 0.0487179 0.016
0 0.817949 0.6315 0.0102564 0.013
0 0.633974 0.328 0.0628205 0.016
0 0.337179 0.3595 0.0641026 0.015
0 0.548718 0.36 0.110256 0.016
0 0.341026 0.3295 0.0794872 0.015
0 0.203846 0.3005 0.0846154 0.015
0 0.225641 0.6045 0.115385 0.017
0 0.257692 0.6645 0.169231 0.017
0 0.532692 0.41 0.752564 0.036
0 0.217949 0.453 0.110256 0.018
0 0.412821 0.574 0.530769 0.02
0 0.250641 0.8845 0.19359 0.023
0 0.728205 0.3575 0.176923 0.019
0 0.542308 0.1705 0.320513 0.035
0 0.269872 0.635 0.221795 0.02
0 0.210256 0.362 0.0974359 0.018
0 0.325 0.528 0.375641 0.018
0 0.488462 0.2985 0.392308 0.021
0 0.634615 0.526 0.161538 0.018
0 0.401923 0.452 0.19359 0.018
0 0.453205 0.269 0.308974 0.018
0 0.449359 0.4815 0.283333 0.019
0 0.533974 0.117 0.365385 0.048
