0 0.413793 0.6945 0.0185676 0.015
0 0.645225 0.692 0.0835544 0.018
0 0.287798 0.692 0.0238727 0.016
0 0.286472 0.7515 0.0238727 0.013
0 0.0835544 0.9425 0.0238727 0.009
0 0.408488 0.5735 0.0954907 0.015
0 0.665119 0.752 0.104775 0.016
0 0.231432 0.382 0.107427 0.016
0 0.230769 0.4405 0.108753 0.017
0 0.656499 0.7225 0.108753 0.017
0 0.237401 0.643 0.127321 0.02
0 0.248674 0.411 0.149867 0.018
0 0.492706 0.2515 0.656499 0.029
0 0.352122 0.693 0.136605 0.018
0 0.246684 0.544 0.143236 0.018
0 0.393236 0.8845 0.136605 0.015
0 0.385279 0.723 0.197613 0.018
0 0.255305 0.6655 0.157825 0.015
0 0.529841 0.858 0.11008 0.014
0 0.561671 0.885 0.139257 0.016
0 0.720159 0.884 0.127321 0.014
0 0.255305 0.574 0.165782 0.018
0 0.363395 0.7525 0.132626 0.017
0 0.246684 0.8865 0.140584 0.015
0 0.497347 0.127 0.692308 0.098
0 0.302387 0.856 0.265252 0.018
0 0.400531 0.4395 0.111406 0.015
0 0.348806 0.8215 0.350133 0.021
0 0.328912 0.3475 0.312997 0.019
0 0.481432 0.411 0.307692 0.014
0 0.474801 0.3795 0.270557 0.015
