0 0.648379 0.268 0.0149626 0.016
0 0.355362 0.736 0.0299252 0.012
0 0.655237 0.216 0.0511222 0.016
0 0.127182 0.5245 0.0648379 0.019
0 0.130923 0.352 0.0673317 0.018
0 0.127182 0.2125 0.0598504 0.017
0 0.437656 0.7355 0.102244 0.015
0 0.399626 0.355 0.105985 0.016
0 0.435162 0.787 0.107232 0.014
0 0.517456 0.214 0.0573566 0.016
0 0.440773 0.769 0.113466 0.016
0 0.777431 0.271 0.11596 0.022
0 0.852244 0.0355 0.0810474 0.017
0 0.135287 0.563 0.0785536 0.018
0 0.320449 0.2155 0.0723192 0.015
0 0.32606 0.033 0.123441 0.016
0 0.200125 0.597 0.218204 0.02
0 0.136534 0.385 0.0785536 0.018
0 0.445761 0.7535 0.120948 0.015
0 0.436409 0.801 0.107232 0.016
0 0.627182 0.0335 0.309227 0.015
0 0.156484 0.6635 0.125935 0.019
0 0.464464 0.319 0.410224 0.02
0 0.340399 0.269 0.491272 0.022
0 0.571072 0.566 0.513716 0.02
0 0.162718 0.032 0.140898 0.016
0 0.46384 0.493 0.249377 0.018
0 0.511222 0.667 0.349127 0.02
0 0.456983 0.529 0.230673 0.018
0 0.201995 0.419 0.23192 0.02
0 0.410224 0.4225 0.129676 0.017
0 0.395262 0.5985 0.142145 0.021
0 0.437032 0.39 0.190773 0.018
0 0.456359 0.8885 0.750623 0.041
0 0.470075 0.1625 0.304239 0.023
