0 0.337282 0.6875 0.0935162 0.015
0 0.912718 0.1125 0.0174564 0.013
0 0.800499 0.326 0.0448878 0.016
0 0.128429 0.911 0.0473815 0.014
0 0.844763 0.12 0.063591 0.036
0 0.334165 0.346 0.0523691 0.016
0 0.847257 0.0935 0.0660848 0.017
0 0.499377 0.19 0.485037 0.018
0 0.695137 0.095 0.0561097 0.016
0 0.46197 0.1305 0.514963 0.017
0 0.13591 0.095 0.0598504 0.016
0 0.334165 0.327 0.0773067 0.014
0 0.181421 0.745 0.138404 0.014
0 0.69389 0.112 0.0660848 0.016
0 0.466334 0.8195 0.339152 0.017
0 0.857855 0.319 0.0473815 0.026
0 0.23192 0.06 0.0997506 0.018
0 0.328554 0.55 0.4601 0.018
0 0.673317 0.318 0.0822943 0.03
0 0.240025 0.095 0.118454 0.018
0 0.394638 0.282 0.582294 0.02
0 0.164589 0.668 0.117207 0.016
0 0.212594 0.6335 0.210723 0.017
0 0.500623 0.5905 0.195761 0.037
0 0.17207 0.1905 0.13217 0.017
0 0.40212 0.743 0.225686 0.018
0 0.75 0.06 0.170823 0.018
0 0.182045 0.8205 0.15212 0.017
0 0.150249 0.1295 0.0910224 0.017
0 0.550499 0.6775 0.51995 0.037
