0 0.222149 0.5045 0.208223 0.015
0 0.42374 0.2825 0.0702918 0.035
0 0.499337 0.776 0.754642 0.036
0 0.732095 0.275 0.0265252 0.016
0 0.726127 0.445 0.0172414 0.014
0 0.654509 0.479 0.385942 0.02
0 0.171088 0.361 0.0636605 0.016
0 0.146552 0.317 0.0782493 0.014
0 0.822281 0.6885 0.0132626 0.011
0 0.822944 0.704 0.0198939 0.01
0 0.257958 0.4535 0.0172414 0.011
0 0.254642 0.3285 0.0212202 0.013
0 0.625332 0.6785 0.0145889 0.013
0 0.816976 0.629 0.0238727 0.012
0 0.255968 0.2985 0.0185676 0.013
0 0.153183 0.3015 0.107427 0.013
0 0.254642 0.2825 0.0185676 0.013
0 0.255305 0.3135 0.0172414 0.013
0 0.242706 0.5505 0.262599 0.015
0 0.257958 0.422 0.0172414 0.014
0 0.726127 0.43 0.0145889 0.012
0 0.258621 0.438 0.0159151 0.012
0 0.571618 0.153 0.0689655 0.014
0 0.726127 0.4135 0.0145889 0.013
0 0.47878 0.6365 0.0212202 0.013
0 0.1313 0.2875 0.0503979 0.013
0 0.584217 0.433 0.200265 0.016
0 0.561008 0.212 0.127321 0.016
0 0.14191 0.3325 0.066313 0.013
0 0.607427 0.2775 0.108753 0.015
0 0.133289 0.4405 0.0490716 0.013
0 0.451592 0.7265 0.035809 0.015
0 0.237401 0.684 0.0477454 0.014
0 0.142573 0.456 0.0676393 0.014
0 0.263926 0.757 0.30504 0.016
0 0.142573 0.426 0.0676393 0.014
0 0.826923 0.7185 0.0782493 0.013
0 0.582891 0.448 0.192308 0.018
0 0.579576 0.417 0.190981 0.016
0 0.71817 0.35 0.0915119 0.016
0 0.265252 0.7 0.0981432 0.014
0 0.418435 0.215 0.133952 0.018
0 0.533157 0.3935 0.0981432 0.015
0 0.488727 0.231 0.237401 0.016
0 0.476127 0.1245 0.387268 0.019
0 0.607427 0.293 0.116711 0.016
0 0.598143 0.2525 0.0954907 0.015
0 0.735411 0.1805 0.136605 0.017
0 0.599469 0.3525 0.0981432 0.017
0 0.137268 0.191 0.0702918 0.018
0 0.637931 0.723 0.0742706 0.016
0 0.590186 0.1825 0.111406 0.015
0 0.200265 0.4875 0.175066 0.015
0 0.179708 0.6415 0.1313 0.017
0 0.245358 0.7145 0.0689655 0.013
0 0.609416 0.3085 0.12069 0.017
0 0.192308 0.399 0.164456 0.018
0 0.744032 0.1485 0.148541 0.019
0 0.232095 0.6685 0.225464 0.017
0 0.309682 0.157 0.192308 0.018
0 0.657162 0.633 0.22679 0.016
0 0.285146 0.1855 0.140584 0.017
0 0.361406 0.638 0.15252 0.014
0 0.191645 0.2605 0.187003 0.015
