0 0.121309 0.79 0.0243902 0.012
0 0.354942 0.8915 0.0885751 0.015
0 0.390886 0.314 0.119384 0.016
0 0.356868 0.2095 0.0462131 0.015
0 0.5276 0.855 0.0949936 0.014
0 0.526316 0.821 0.0924262 0.016
0 0.526316 0.8385 0.0924262 0.015
0 0.363928 0.823 0.114249 0.016
0 0.754814 0.836 0.102696 0.016
0 0.365212 0.9095 0.111682 0.013
0 0.170732 0.842 0.123235 0.014
0 0.537227 0.891 0.114249 0.016
0 0.156611 0.8765 0.071887 0.013
0 0.553915 0.8735 0.157895 0.015
0 0.761874 0.818 0.114249 0.014
0 0.156611 0.4915 0.100128 0.017
0 0.358151 0.8745 0.097561 0.015
0 0.362644 0.857 0.109114 0.016
0 0.354942 0.8045 0.0988447 0.015
0 0.153402 0.893 0.0860077 0.014
0 0.157895 0.8245 0.100128 0.015
0 0.262516 0.208 0.0680359 0.016
0 0.170732 0.8585 0.123235 0.015
0 0.761874 0.853 0.119384 0.016
0 0.36457 0.84 0.112965 0.016
0 0.154044 0.807 0.0924262 0.016
0 0.528883 0.908 0.107831 0.014
0 0.542362 0.1545 0.417202 0.017
0 0.168164 0.6585 0.130937 0.029
0 0.523748 0.803 0.0949936 0.016
0 0.179718 0.263 0.154044 0.018
0 0.514763 0.6615 0.351733 0.017
0 0.165597 0.316 0.123235 0.016
0 0.166239 0.1585 0.129653 0.017
0 0.442875 0.2625 0.2362 0.015
0 0.17009 0.438 0.137356 0.018
0 0.765083 0.801 0.12837 0.014
0 0.537227 0.096 0.283697 0.02
0 0.168806 0.552 0.129653 0.032
0 0.147625 0.3785 0.0872914 0.031
