0 0.571887 0.397 0.191271 0.016
0 0.435173 0.5175 0.0795892 0.017
0 0.127086 0.1885 0.0308087 0.015
0 0.541078 0.3285 0.14249 0.015
0 0.415276 0.6205 0.0397946 0.015
0 0.417202 0.5525 0.0410783 0.015
0 0.441592 0.3975 0.0898588 0.015
0 0.126444 0.154 0.0320924 0.014
0 0.731707 0.841 0.0487805 0.016
0 0.5276 0.312 0.284981 0.016
0 0.673941 0.3955 0.0667522 0.017
0 0.248395 0.119 0.139923 0.014
0 0.638639 0.2965 0.283697 0.021
0 0.43389 0.5865 0.0795892 0.017
0 0.756098 0.8585 0.0539153 0.021
0 0.440308 0.2945 0.0821566 0.013
0 0.441592 0.3295 0.0898588 0.015
0 0.137356 0.2945 0.0564827 0.015
0 0.428755 0.6545 0.0667522 0.013
0 0.166881 0.5175 0.120668 0.017
0 0.17715 0.587 0.136072 0.016
0 0.439666 0.363 0.0860077 0.016
0 0.225289 0.154 0.124519 0.016
0 0.453145 0.842 0.120668 0.016
0 0.403723 0.1885 0.494223 0.019
0 0.467266 0.8245 0.143774 0.015
0 0.215019 0.6875 0.227214 0.017
0 0.215019 0.362 0.227214 0.016
0 0.205392 0.62 0.205392 0.016
0 0.446727 0.723 0.107831 0.016
0 0.47561 0.8605 0.16303 0.017
0 0.468549 0.432 0.148909 0.016
0 0.172015 0.3965 0.125802 0.017
0 0.504493 0.7895 0.223363 0.017
0 0.243902 0.655 0.277279 0.018
0 0.553273 0.0825 0.315789 0.017
0 0.215019 0.5515 0.204108 0.017
0 0.469833 0.466 0.154044 0.018
0 0.491014 0.2605 0.193838 0.017
0 0.213736 0.26 0.206675 0.018
0 0.200899 0.4315 0.181001 0.017
0 0.175225 0.723 0.132221 0.016
0 0.224005 0.4655 0.227214 0.017
0 0.733633 0.8185 0.116816 0.027
0 0.229782 0.756 0.249037 0.02
