0 0.0464191 0.884 0.0291777 0.012
0 0.399867 0.907 0.0198939 0.01
0 0.148541 0.187 0.0344828 0.016
0 0.454244 0.564 0.030504 0.014
0 0.147215 0.218 0.0371353 0.016
0 0.631963 0.858 0.0570292 0.018
0 0.298408 0.8135 0.0530504 0.011
0 0.492042 0.235 0.0901857 0.018
0 0.145225 0.921 0.0543767 0.012
0 0.30504 0.8295 0.066313 0.011
0 0.336207 0.9055 0.133952 0.011
0 0.309019 0.845 0.0769231 0.01
0 0.161141 0.1565 0.0570292 0.015
0 0.471485 0.5015 0.0649867 0.015
0 0.151194 0.859 0.0636605 0.01
0 0.312997 0.2345 0.100796 0.015
0 0.31366 0.875 0.0862069 0.012
0 0.154509 0.798 0.0729443 0.012
0 0.165119 0.813 0.0994695 0.012
0 0.170424 0.7815 0.11008 0.013
0 0.15252 0.829 0.0689655 0.012
0 0.31366 0.7975 0.0782493 0.011
0 0.308355 0.8595 0.0782493 0.011
0 0.206233 0.764 0.157825 0.016
0 0.499337 0.8435 0.136605 0.015
0 0.311008 0.9215 0.0809019 0.011
0 0.191645 0.7015 0.136605 0.017
0 0.190981 0.3455 0.124668 0.015
0 0.487401 0.86 0.107427 0.014
0 0.462202 0.595 0.0490716 0.014
0 0.181698 0.8895 0.129973 0.011
0 0.143899 0.9365 0.0490716 0.011
0 0.469496 0.2845 0.0503979 0.015
0 0.183687 0.844 0.139257 0.01
0 0.480769 0.44 0.0782493 0.016
0 0.330902 0.251 0.125995 0.016
0 0.659151 0.8755 0.0769231 0.023
0 0.316313 0.89 0.096817 0.012
0 0.190318 0.5005 0.1313 0.015
0 0.336207 0.2185 0.1313 0.015
0 0.155172 0.8745 0.0689655 0.011
0 0.319629 0.188 0.0981432 0.016
0 0.469496 0.4715 0.0583554 0.015
0 0.785809 0.0925 0.0862069 0.015
0 0.200265 0.562 0.137931 0.016
0 0.23939 0.7325 0.237401 0.019
0 0.162467 0.9055 0.0994695 0.011
0 0.501989 0.703 0.136605 0.016
0 0.190318 0.3135 0.115385 0.015
0 0.53183 0.5335 0.185676 0.015
0 0.35809 0.9365 0.183024 0.013
0 0.670424 0.128 0.118037 0.064
0 0.507958 0.8755 0.145889 0.013
0 0.332228 0.782 0.115385 0.012
0 0.635942 0.8375 0.0915119 0.027
0 0.192308 0.406 0.137931 0.016
0 0.235411 0.67 0.221485 0.016
0 0.238064 0.3755 0.224138 0.017
0 0.224138 0.438 0.177719 0.016
0 0.229443 0.531 0.217507 0.016
0 0.227454 0.593 0.192308 0.016
0 0.336207 0.1575 0.139257 0.015
0 0.537135 0.8135 0.204244 0.017
0 0.230769 0.282 0.198939 0.016
0 0.576923 0.671 0.297082 0.032
0 0.245358 0.4695 0.230769 0.017
0 0.558355 0.316 0.230769 0.016
0 0.410477 0.127 0.301061 0.02
0 0.254642 0.6245 0.257294 0.017
