0 0.194337 0.772 0.123552 0.016
0 0.563063 0.4 0.60103 0.02
0 0.440798 0.7445 0.150579 0.017
0 0.0939511 0.727 0.030888 0.014
0 0.227156 0.799 0.189189 0.016
0 0.181467 0.855 0.105534 0.016
0 0.456242 0.147 0.428571 0.018
0 0.451737 0.816 0.175032 0.018
0 0.462033 0.83 0.187902 0.016
0 0.202059 0.8405 0.136422 0.017
0 0.192407 0.813 0.124839 0.014
0 0.438224 0.7735 0.142857 0.015
0 0.211068 0.828 0.172458 0.016
0 0.441441 0.845 0.151866 0.016
0 0.193694 0.727 0.124839 0.016
0 0.446589 0.802 0.151866 0.014
0 0.430502 0.7885 0.137709 0.015
0 0.43565 0.8595 0.145431 0.019
0 0.220721 0.7565 0.181467 0.017
0 0.197555 0.7845 0.129987 0.015
0 0.477477 0.3725 0.442728 0.017
0 0.140927 0.147 0.114543 0.018
0 0.186615 0.191 0.0694981 0.016
0 0.208494 0.871 0.162162 0.018
0 0.433719 0.2785 0.375804 0.019
0 0.187902 0.2355 0.208494 0.019
0 0.151223 0.2785 0.137709 0.015
0 0.15251 0.4965 0.145431 0.017
0 0.489704 0.2355 0.328185 0.019
0 0.488417 0.0775 0.333333 0.021
0 0.532175 0.441 0.577864 0.05
0 0.149292 0.54 0.14157 0.016
0 0.166023 0.366 0.159588 0.018
0 0.209138 0.742 0.155727 0.016
0 0.45045 0.759 0.169884 0.018
0 0.43758 0.731 0.146718 0.018
